mean_energy	error	        alpha	         beta	         gamma	        acceptance	stepsize
346.889436,	4.995764,	-2.719100,	-3.537960,	-0.133970,	49.862500,	2.000000
294.426343,	4.573429,	-2.719100,	-3.537960,	-0.121970,	51.966667,	2.000000
252.447154,	4.365931,	-2.719100,	-3.537960,	-0.109970,	53.833333,	2.000000
205.525826,	3.920707,	-2.719100,	-3.537960,	-0.097970,	55.827083,	2.000000
176.190569,	3.763821,	-2.719100,	-3.537960,	-0.085970,	58.881250,	2.000000
122.565191,	3.039538,	-2.719100,	-3.537960,	-0.073970,	61.358333,	2.000000
89.743772,	2.665650,	-2.719100,	-3.537960,	-0.061970,	64.889583,	2.000000
66.335932,	2.333993,	-2.719100,	-3.537960,	-0.049970,	68.052083,	2.000000
45.012970,	2.064700,	-2.719100,	-3.537960,	-0.037970,	72.137500,	2.000000
28.040778,	1.544889,	-2.719100,	-3.537960,	-0.025970,	77.250000,	2.000000
10.671419,	0.894560,	-2.719100,	-3.537960,	-0.013970,	76.083333,	3.000000
373.300245,	4.957420,	-2.719100,	-3.187960,	-0.133970,	49.100000,	2.000000
318.266986,	4.575390,	-2.719100,	-3.187960,	-0.121970,	51.064583,	2.000000
278.944136,	4.271080,	-2.719100,	-3.187960,	-0.109970,	53.397917,	2.000000
228.952155,	3.953709,	-2.719100,	-3.187960,	-0.097970,	55.510417,	2.000000
177.290605,	3.456704,	-2.719100,	-3.187960,	-0.085970,	58.162500,	2.000000
142.874974,	3.182521,	-2.719100,	-3.187960,	-0.073970,	61.239583,	2.000000
106.840319,	2.835298,	-2.719100,	-3.187960,	-0.061970,	64.056250,	2.000000
73.393337,	2.303803,	-2.719100,	-3.187960,	-0.049970,	68.689583,	2.000000
44.965636,	1.831526,	-2.719100,	-3.187960,	-0.037970,	72.306250,	2.000000
27.234346,	1.425136,	-2.719100,	-3.187960,	-0.025970,	77.381250,	2.000000
12.687575,	0.933434,	-2.719100,	-3.187960,	-0.013970,	79.422917,	2.500000
401.910375,	4.739309,	-2.719100,	-2.837960,	-0.133970,	48.362500,	2.000000
354.566509,	4.547473,	-2.719100,	-2.837960,	-0.121970,	50.772917,	2.000000
294.867377,	4.336226,	-2.719100,	-2.837960,	-0.109970,	52.870833,	2.000000
247.295792,	3.946470,	-2.719100,	-2.837960,	-0.097970,	55.320833,	2.000000
196.741683,	3.563969,	-2.719100,	-2.837960,	-0.085970,	58.458333,	2.000000
153.488530,	3.028253,	-2.719100,	-2.837960,	-0.073970,	60.593750,	2.000000
118.171106,	2.792138,	-2.719100,	-2.837960,	-0.061970,	63.852083,	2.000000
85.768552,	2.406745,	-2.719100,	-2.837960,	-0.049970,	67.456250,	2.000000
52.555159,	1.836734,	-2.719100,	-2.837960,	-0.037970,	71.810417,	2.000000
34.076987,	1.498123,	-2.719100,	-2.837960,	-0.025970,	76.712500,	2.000000
14.580418,	0.933977,	-2.719100,	-2.837960,	-0.013970,	79.568750,	2.500000
443.570627,	4.848630,	-2.719100,	-2.487960,	-0.133970,	47.229167,	2.000000
399.646072,	4.682374,	-2.719100,	-2.487960,	-0.121970,	49.712500,	2.000000
322.769853,	4.149308,	-2.719100,	-2.487960,	-0.109970,	51.827083,	2.000000
268.978848,	3.783831,	-2.719100,	-2.487960,	-0.097970,	54.297917,	2.000000
216.652153,	3.515385,	-2.719100,	-2.487960,	-0.085970,	57.233333,	2.000000
168.714803,	2.982328,	-2.719100,	-2.487960,	-0.073970,	59.910417,	2.000000
134.127175,	2.804839,	-2.719100,	-2.487960,	-0.061970,	63.345833,	2.000000
95.714018,	2.367953,	-2.719100,	-2.487960,	-0.049970,	66.966667,	2.000000
59.175859,	1.791507,	-2.719100,	-2.487960,	-0.037970,	71.950000,	2.000000
39.597621,	1.503326,	-2.719100,	-2.487960,	-0.025970,	76.458333,	2.000000
16.916174,	0.978993,	-2.719100,	-2.487960,	-0.013970,	79.416667,	2.500000
512.035457,	5.071706,	-2.719100,	-2.137960,	-0.133970,	46.095833,	2.000000
437.189679,	4.793991,	-2.719100,	-2.137960,	-0.121970,	48.420833,	2.000000
383.683572,	4.351008,	-2.719100,	-2.137960,	-0.109970,	50.450000,	2.000000
307.206639,	3.853973,	-2.719100,	-2.137960,	-0.097970,	52.927083,	2.000000
242.895945,	3.467159,	-2.719100,	-2.137960,	-0.085970,	56.608333,	2.000000
201.960152,	3.112281,	-2.719100,	-2.137960,	-0.073970,	58.997917,	2.000000
155.488175,	2.725819,	-2.719100,	-2.137960,	-0.061970,	62.425000,	2.000000
114.580157,	2.372280,	-2.719100,	-2.137960,	-0.049970,	66.585417,	2.000000
72.128511,	1.826834,	-2.719100,	-2.137960,	-0.037970,	70.547917,	2.000000
41.498146,	1.431301,	-2.719100,	-2.137960,	-0.025970,	76.197917,	2.000000
17.582299,	0.861703,	-2.719100,	-2.137960,	-0.013970,	79.012500,	2.500000
596.993254,	5.041866,	-2.719100,	-1.787960,	-0.133970,	43.306250,	2.000000
555.707207,	5.708819,	-2.719100,	-1.787960,	-0.121970,	46.739583,	2.000000
428.642390,	4.289786,	-2.719100,	-1.787960,	-0.109970,	49.002083,	2.000000
363.464336,	3.848774,	-2.719100,	-1.787960,	-0.097970,	51.304167,	2.000000
307.096231,	3.726251,	-2.719100,	-1.787960,	-0.085970,	55.170833,	2.000000
237.953111,	3.094056,	-2.719100,	-1.787960,	-0.073970,	58.025000,	2.000000
180.268605,	2.656506,	-2.719100,	-1.787960,	-0.061970,	61.214583,	2.000000
133.877885,	2.731371,	-2.719100,	-1.787960,	-0.049970,	65.091667,	2.000000
91.206112,	1.929802,	-2.719100,	-1.787960,	-0.037970,	70.075000,	2.000000
48.222837,	1.349379,	-2.719100,	-1.787960,	-0.025970,	75.870833,	2.000000
23.430683,	0.926618,	-2.719100,	-1.787960,	-0.013970,	78.331250,	2.500000
738.495384,	5.635363,	-2.719100,	-1.437960,	-0.133970,	42.504167,	2.000000
605.675056,	4.652720,	-2.719100,	-1.437960,	-0.121970,	43.002083,	2.000000
518.554541,	4.518107,	-2.719100,	-1.437960,	-0.109970,	46.133333,	2.000000
425.626929,	3.903653,	-2.719100,	-1.437960,	-0.097970,	49.479167,	2.000000
342.197272,	3.400302,	-2.719100,	-1.437960,	-0.085970,	52.370833,	2.000000
297.557142,	4.870236,	-2.719100,	-1.437960,	-0.073970,	56.672917,	2.000000
219.938495,	2.830761,	-2.719100,	-1.437960,	-0.061970,	60.129167,	2.000000
157.002773,	2.303069,	-2.719100,	-1.437960,	-0.049970,	64.914583,	2.000000
104.834691,	1.816375,	-2.719100,	-1.437960,	-0.037970,	69.152083,	2.000000
66.644070,	1.428411,	-2.719100,	-1.437960,	-0.025970,	75.129167,	2.000000
24.848894,	0.841983,	-2.719100,	-1.437960,	-0.013970,	78.360417,	2.500000
1090.156719,	7.610862,	-2.719100,	-1.087960,	-0.133970,	43.616667,	1.500000
841.594970,	6.051390,	-2.719100,	-1.087960,	-0.121970,	43.672917,	1.500000
700.442525,	6.218777,	-2.719100,	-1.087960,	-0.109970,	43.868750,	1.500000
710.588687,	7.011140,	-2.719100,	-1.087960,	-0.097970,	44.958333,	2.000000
438.711636,	3.668493,	-2.719100,	-1.087960,	-0.085970,	48.800000,	2.000000
333.117628,	2.985147,	-2.719100,	-1.087960,	-0.073970,	53.947917,	2.000000
257.291193,	2.611494,	-2.719100,	-1.087960,	-0.061970,	57.172917,	2.000000
183.359488,	2.079923,	-2.719100,	-1.087960,	-0.049970,	61.956250,	2.000000
134.943434,	1.923639,	-2.719100,	-1.087960,	-0.037970,	67.437500,	2.000000
77.179986,	1.334159,	-2.719100,	-1.087960,	-0.025970,	73.420833,	2.000000
30.900737,	0.799447,	-2.719100,	-1.087960,	-0.013970,	77.789583,	2.500000
1834.908249,	8.582206,	-2.719100,	-0.737960,	-0.133970,	54.866667,	1.000000
1806.074653,	8.820520,	-2.719100,	-0.737960,	-0.121970,	53.316667,	1.000000
1271.164165,	7.668830,	-2.719100,	-0.737960,	-0.109970,	39.939583,	1.500000
916.898134,	6.016544,	-2.719100,	-0.737960,	-0.097970,	45.102083,	1.500000
791.730319,	6.145581,	-2.719100,	-0.737960,	-0.085970,	43.154167,	2.000000
441.643650,	3.184407,	-2.719100,	-0.737960,	-0.073970,	46.345833,	2.000000
343.220013,	2.779794,	-2.719100,	-0.737960,	-0.061970,	54.383333,	2.000000
266.223848,	2.502732,	-2.719100,	-0.737960,	-0.049970,	58.991667,	2.000000
162.251949,	1.691700,	-2.719100,	-0.737960,	-0.037970,	63.837500,	2.000000
93.702985,	1.201594,	-2.719100,	-0.737960,	-0.025970,	72.327083,	2.000000
40.126914,	0.777707,	-2.719100,	-0.737960,	-0.013970,	76.531250,	2.500000
1218.074017,	5.345798,	-2.719100,	-0.387960,	-0.133970,	52.366667,	1.000000
1243.929614,	5.388104,	-2.719100,	-0.387960,	-0.121970,	52.168750,	1.000000
1280.224057,	5.604133,	-2.719100,	-0.387960,	-0.109970,	52.568750,	1.000000
1219.120134,	5.539037,	-2.719100,	-0.387960,	-0.097970,	53.468750,	1.000000
1307.708996,	5.554823,	-2.719100,	-0.387960,	-0.085970,	41.408333,	1.500000
1212.990355,	5.664315,	-2.719100,	-0.387960,	-0.073970,	39.218750,	1.500000
956.524270,	5.569364,	-2.719100,	-0.387960,	-0.061970,	56.612500,	1.000000
343.923568,	2.560494,	-2.719100,	-0.387960,	-0.049970,	42.785417,	2.000000
217.409985,	1.813587,	-2.719100,	-0.387960,	-0.037970,	56.841667,	2.000000
129.481318,	1.347082,	-2.719100,	-0.387960,	-0.025970,	68.060417,	2.000000
52.258178,	0.680764,	-2.719100,	-0.387960,	-0.013970,	77.835417,	2.000000
-0.889503,	0.468895,	-2.719100,	-0.037960,	-0.133970,	78.412500,	2.000000
-0.288453,	0.484050,	-2.719100,	-0.037960,	-0.121970,	78.291667,	2.000000
-1.195302,	0.483324,	-2.719100,	-0.037960,	-0.109970,	78.389583,	2.000000
-1.882671,	0.487284,	-2.719100,	-0.037960,	-0.097970,	78.016667,	2.000000
-2.172631,	0.497091,	-2.719100,	-0.037960,	-0.085970,	78.400000,	2.000000
-2.266727,	0.525799,	-2.719100,	-0.037960,	-0.073970,	77.935417,	2.000000
-3.010292,	0.550609,	-2.719100,	-0.037960,	-0.061970,	77.429167,	2.000000
-4.564885,	0.594468,	-2.719100,	-0.037960,	-0.049970,	76.347917,	2.000000
-4.533532,	0.682870,	-2.719100,	-0.037960,	-0.037970,	74.289583,	2.000000
-5.020188,	0.781250,	-2.719100,	-0.037960,	-0.025970,	72.187500,	2.000000
-0.879333,	0.895705,	-2.719100,	-0.037960,	-0.013970,	69.997917,	2.000000
189.843176,	3.800627,	-2.219100,	-3.537960,	-0.133970,	51.058333,	2.000000
157.241935,	3.433469,	-2.219100,	-3.537960,	-0.121970,	52.854167,	2.000000
132.567197,	3.251371,	-2.219100,	-3.537960,	-0.109970,	54.770833,	2.000000
100.947527,	2.906201,	-2.219100,	-3.537960,	-0.097970,	56.812500,	2.000000
79.474108,	2.640188,	-2.219100,	-3.537960,	-0.085970,	59.064583,	2.000000
59.735869,	2.378201,	-2.219100,	-3.537960,	-0.073970,	62.639583,	2.000000
45.120688,	2.151977,	-2.219100,	-3.537960,	-0.061970,	65.112500,	2.000000
31.874766,	1.872196,	-2.219100,	-3.537960,	-0.049970,	68.558333,	2.000000
19.184065,	1.489392,	-2.219100,	-3.537960,	-0.037970,	72.552083,	2.000000
10.044406,	1.098060,	-2.219100,	-3.537960,	-0.025970,	77.514583,	2.000000
6.064097,	0.765932,	-2.219100,	-3.537960,	-0.013970,	76.068750,	3.000000
199.622507,	3.751490,	-2.219100,	-3.187960,	-0.133970,	50.500000,	2.000000
172.110607,	3.565163,	-2.219100,	-3.187960,	-0.121970,	52.281250,	2.000000
139.352473,	3.225999,	-2.219100,	-3.187960,	-0.109970,	54.733333,	2.000000
116.730740,	3.063552,	-2.219100,	-3.187960,	-0.097970,	56.443750,	2.000000
90.140619,	2.646785,	-2.219100,	-3.187960,	-0.085970,	59.152083,	2.000000
68.119439,	2.382551,	-2.219100,	-3.187960,	-0.073970,	61.425000,	2.000000
44.392553,	1.965804,	-2.219100,	-3.187960,	-0.061970,	64.752083,	2.000000
32.683945,	1.781367,	-2.219100,	-3.187960,	-0.049970,	68.335417,	2.000000
19.931596,	1.374989,	-2.219100,	-3.187960,	-0.037970,	72.431250,	2.000000
14.495145,	1.172224,	-2.219100,	-3.187960,	-0.025970,	77.318750,	2.000000
5.187785,	0.631950,	-2.219100,	-3.187960,	-0.013970,	76.168750,	3.000000
215.776175,	3.656375,	-2.219100,	-2.837960,	-0.133970,	50.314583,	2.000000
179.080387,	3.412355,	-2.219100,	-2.837960,	-0.121970,	52.443750,	2.000000
148.296126,	3.116242,	-2.219100,	-2.837960,	-0.109970,	53.941667,	2.000000
124.057039,	2.880620,	-2.219100,	-2.837960,	-0.097970,	56.497917,	2.000000
98.385669,	2.638539,	-2.219100,	-2.837960,	-0.085970,	58.879167,	2.000000
80.518135,	2.375606,	-2.219100,	-2.837960,	-0.073970,	61.977083,	2.000000
60.724209,	2.301617,	-2.219100,	-2.837960,	-0.061970,	64.881250,	2.000000
35.838606,	1.698878,	-2.219100,	-2.837960,	-0.049970,	67.768750,	2.000000
23.666319,	1.394956,	-2.219100,	-2.837960,	-0.037970,	72.458333,	2.000000
14.340406,	1.084418,	-2.219100,	-2.837960,	-0.025970,	77.379167,	2.000000
7.187558,	0.697944,	-2.219100,	-2.837960,	-0.013970,	75.866667,	3.000000
243.348415,	3.729166,	-2.219100,	-2.487960,	-0.133970,	49.797917,	2.000000
208.484751,	3.384214,	-2.219100,	-2.487960,	-0.121970,	51.777083,	2.000000
167.778370,	3.079160,	-2.219100,	-2.487960,	-0.109970,	54.008333,	2.000000
149.086370,	2.967893,	-2.219100,	-2.487960,	-0.097970,	55.770833,	2.000000
112.937917,	2.668614,	-2.219100,	-2.487960,	-0.085970,	58.533333,	2.000000
90.496919,	2.370201,	-2.219100,	-2.487960,	-0.073970,	61.256250,	2.000000
62.933502,	2.072211,	-2.219100,	-2.487960,	-0.061970,	64.277083,	2.000000
42.430031,	1.645477,	-2.219100,	-2.487960,	-0.049970,	67.783333,	2.000000
28.306057,	1.397520,	-2.219100,	-2.487960,	-0.037970,	71.781250,	2.000000
16.292920,	1.003636,	-2.219100,	-2.487960,	-0.025970,	76.985417,	2.000000
9.194070,	0.722754,	-2.219100,	-2.487960,	-0.013970,	79.464583,	2.500000
275.431948,	4.002812,	-2.219100,	-2.137960,	-0.133970,	49.737500,	2.000000
234.659926,	3.300149,	-2.219100,	-2.137960,	-0.121970,	51.004167,	2.000000
198.657350,	3.205880,	-2.219100,	-2.137960,	-0.109970,	53.097917,	2.000000
161.409685,	2.873495,	-2.219100,	-2.137960,	-0.097970,	55.297917,	2.000000
128.655660,	2.585295,	-2.219100,	-2.137960,	-0.085970,	57.510417,	2.000000
103.797824,	2.340715,	-2.219100,	-2.137960,	-0.073970,	60.410417,	2.000000
73.376443,	1.925031,	-2.219100,	-2.137960,	-0.061970,	63.745833,	2.000000
54.411355,	1.707773,	-2.219100,	-2.137960,	-0.049970,	67.235417,	2.000000
34.533171,	1.345004,	-2.219100,	-2.137960,	-0.037970,	72.064583,	2.000000
20.514207,	1.028408,	-2.219100,	-2.137960,	-0.025970,	76.860417,	2.000000
10.023075,	0.647199,	-2.219100,	-2.137960,	-0.013970,	79.562500,	2.500000
319.304515,	3.623639,	-2.219100,	-1.787960,	-0.133970,	48.450000,	2.000000
268.910226,	3.272507,	-2.219100,	-1.787960,	-0.121970,	50.200000,	2.000000
239.123682,	3.248678,	-2.219100,	-1.787960,	-0.109970,	52.606250,	2.000000
189.460472,	2.823662,	-2.219100,	-1.787960,	-0.097970,	54.333333,	2.000000
155.742381,	2.531647,	-2.219100,	-1.787960,	-0.085970,	57.318750,	2.000000
127.178207,	2.323445,	-2.219100,	-1.787960,	-0.073970,	60.108333,	2.000000
92.121425,	1.939900,	-2.219100,	-1.787960,	-0.061970,	63.079167,	2.000000
68.469506,	1.704475,	-2.219100,	-1.787960,	-0.049970,	66.531250,	2.000000
44.575476,	1.382685,	-2.219100,	-1.787960,	-0.037970,	70.877083,	2.000000
24.463304,	0.975947,	-2.219100,	-1.787960,	-0.025970,	76.489583,	2.000000
11.128425,	0.604598,	-2.219100,	-1.787960,	-0.013970,	79.060417,	2.500000
369.063437,	3.403254,	-2.219100,	-1.437960,	-0.133970,	46.577083,	2.000000
338.709289,	3.426442,	-2.219100,	-1.437960,	-0.121970,	49.062500,	2.000000
285.971795,	3.041080,	-2.219100,	-1.437960,	-0.109970,	51.668750,	2.000000
233.598749,	2.818422,	-2.219100,	-1.437960,	-0.097970,	53.445833,	2.000000
193.818305,	2.482123,	-2.219100,	-1.437960,	-0.085970,	55.733333,	2.000000
151.591221,	2.237155,	-2.219100,	-1.437960,	-0.073970,	59.045833,	2.000000
118.953692,	2.044105,	-2.219100,	-1.437960,	-0.061970,	62.677083,	2.000000
91.172251,	1.809550,	-2.219100,	-1.437960,	-0.049970,	66.333333,	2.000000
58.070727,	1.360176,	-2.219100,	-1.437960,	-0.037970,	70.531250,	2.000000
35.041007,	1.085040,	-2.219100,	-1.437960,	-0.025970,	76.027083,	2.000000
16.918818,	0.700100,	-2.219100,	-1.437960,	-0.013970,	78.900000,	2.500000
500.576061,	4.054367,	-2.219100,	-1.087960,	-0.133970,	44.510417,	2.000000
415.061847,	3.426473,	-2.219100,	-1.087960,	-0.121970,	46.039583,	2.000000
353.122160,	2.939055,	-2.219100,	-1.087960,	-0.109970,	48.912500,	2.000000
289.576004,	2.665645,	-2.219100,	-1.087960,	-0.097970,	50.916667,	2.000000
246.110666,	2.481116,	-2.219100,	-1.087960,	-0.085970,	54.566667,	2.000000
198.222046,	2.198132,	-2.219100,	-1.087960,	-0.073970,	57.850000,	2.000000
154.676727,	1.995797,	-2.219100,	-1.087960,	-0.061970,	60.514583,	2.000000
109.887095,	1.657917,	-2.219100,	-1.087960,	-0.049970,	64.893750,	2.000000
74.166883,	1.304874,	-2.219100,	-1.087960,	-0.037970,	69.452083,	2.000000
45.018554,	0.992981,	-2.219100,	-1.087960,	-0.025970,	74.858333,	2.000000
17.647632,	0.537790,	-2.219100,	-1.087960,	-0.013970,	78.431250,	2.500000
744.271341,	5.209457,	-2.219100,	-0.737960,	-0.133970,	46.641667,	1.500000
633.472749,	4.720843,	-2.219100,	-0.737960,	-0.121970,	41.675000,	2.000000
504.075725,	3.396134,	-2.219100,	-0.737960,	-0.109970,	44.895833,	2.000000
397.003669,	2.793062,	-2.219100,	-0.737960,	-0.097970,	47.991667,	2.000000
343.803347,	2.678981,	-2.219100,	-0.737960,	-0.085970,	51.666667,	2.000000
267.501514,	2.310036,	-2.219100,	-0.737960,	-0.073970,	54.495833,	2.000000
195.770291,	1.760575,	-2.219100,	-0.737960,	-0.061970,	58.602083,	2.000000
147.366239,	1.542532,	-2.219100,	-0.737960,	-0.049970,	63.208333,	2.000000
102.993228,	1.295392,	-2.219100,	-0.737960,	-0.037970,	67.731250,	2.000000
63.617342,	1.068241,	-2.219100,	-0.737960,	-0.025970,	74.027083,	2.000000
28.385833,	0.649845,	-2.219100,	-0.737960,	-0.013970,	77.752083,	2.500000
1372.380289,	5.673034,	-2.219100,	-0.387960,	-0.133970,	53.635417,	1.000000
1323.962702,	5.767462,	-2.219100,	-0.387960,	-0.121970,	55.329167,	1.000000
1258.762429,	6.016641,	-2.219100,	-0.387960,	-0.109970,	36.487500,	1.500000
993.298390,	5.762079,	-2.219100,	-0.387960,	-0.097970,	46.952083,	1.500000
611.971327,	4.269866,	-2.219100,	-0.387960,	-0.085970,	40.858333,	2.000000
612.185747,	4.743289,	-2.219100,	-0.387960,	-0.073970,	45.935417,	2.000000
317.379117,	2.734773,	-2.219100,	-0.387960,	-0.061970,	52.377083,	2.000000
207.436772,	1.611850,	-2.219100,	-0.387960,	-0.049970,	57.808333,	2.000000
145.016120,	1.320440,	-2.219100,	-0.387960,	-0.037970,	64.262500,	2.000000
81.445540,	0.935700,	-2.219100,	-0.387960,	-0.025970,	70.352083,	2.000000
33.846911,	0.516672,	-2.219100,	-0.387960,	-0.013970,	75.647917,	2.500000
2.133400,	0.442133,	-2.219100,	-0.037960,	-0.133970,	78.750000,	2.000000
0.821378,	0.430849,	-2.219100,	-0.037960,	-0.121970,	79.206250,	2.000000
0.135471,	0.442164,	-2.219100,	-0.037960,	-0.109970,	79.616667,	2.000000
0.290246,	0.465389,	-2.219100,	-0.037960,	-0.097970,	79.404167,	2.000000
-0.976157,	0.465730,	-2.219100,	-0.037960,	-0.085970,	79.450000,	2.000000
-2.052071,	0.483675,	-2.219100,	-0.037960,	-0.073970,	79.541667,	2.000000
-2.183718,	0.523528,	-2.219100,	-0.037960,	-0.061970,	78.295833,	2.000000
-4.224657,	0.568304,	-2.219100,	-0.037960,	-0.049970,	76.902083,	2.000000
-5.117005,	0.685135,	-2.219100,	-0.037960,	-0.037970,	74.693750,	2.000000
-5.930397,	0.807532,	-2.219100,	-0.037960,	-0.025970,	70.735417,	2.000000
7.761506,	0.879275,	-2.219100,	-0.037960,	-0.013970,	69.975000,	2.000000
76.721966,	2.576685,	-1.719100,	-3.537960,	-0.133970,	51.835417,	2.000000
60.613585,	2.504930,	-1.719100,	-3.537960,	-0.121970,	53.518750,	2.000000
50.302337,	2.371491,	-1.719100,	-3.537960,	-0.109970,	55.162500,	2.000000
30.735174,	1.956008,	-1.719100,	-3.537960,	-0.097970,	57.554167,	2.000000
25.815583,	1.914037,	-1.719100,	-3.537960,	-0.085970,	59.702083,	2.000000
12.154337,	1.522323,	-1.719100,	-3.537960,	-0.073970,	62.400000,	2.000000
7.436309,	1.410909,	-1.719100,	-3.537960,	-0.061970,	65.662500,	2.000000
2.733111,	1.438716,	-1.719100,	-3.537960,	-0.049970,	68.785417,	2.000000
0.814925,	1.083748,	-1.719100,	-3.537960,	-0.037970,	72.972917,	2.000000
0.728378,	0.824282,	-1.719100,	-3.537960,	-0.025970,	77.802083,	2.000000
1.417524,	0.507652,	-1.719100,	-3.537960,	-0.013970,	76.225000,	3.000000
78.161779,	2.516037,	-1.719100,	-3.187960,	-0.133970,	51.341667,	2.000000
64.902562,	2.363391,	-1.719100,	-3.187960,	-0.121970,	53.400000,	2.000000
49.342812,	2.119549,	-1.719100,	-3.187960,	-0.109970,	55.366667,	2.000000
38.095085,	2.227035,	-1.719100,	-3.187960,	-0.097970,	57.456250,	2.000000
23.330348,	2.591442,	-1.719100,	-3.187960,	-0.085970,	59.791667,	2.000000
17.338032,	1.750601,	-1.719100,	-3.187960,	-0.073970,	62.243750,	2.000000
7.340278,	1.267892,	-1.719100,	-3.187960,	-0.061970,	65.487500,	2.000000
4.100518,	1.214809,	-1.719100,	-3.187960,	-0.049970,	68.647917,	2.000000
2.690543,	1.192324,	-1.719100,	-3.187960,	-0.037970,	73.016667,	2.000000
0.228552,	0.630450,	-1.719100,	-3.187960,	-0.025970,	77.683333,	2.000000
1.668862,	0.460332,	-1.719100,	-3.187960,	-0.013970,	79.831250,	2.500000
82.187096,	2.409096,	-1.719100,	-2.837960,	-0.133970,	50.841667,	2.000000
75.240143,	2.578340,	-1.719100,	-2.837960,	-0.121970,	53.087500,	2.000000
56.682509,	2.272314,	-1.719100,	-2.837960,	-0.109970,	54.733333,	2.000000
38.862859,	1.890106,	-1.719100,	-2.837960,	-0.097970,	57.135417,	2.000000
27.914576,	1.731779,	-1.719100,	-2.837960,	-0.085970,	59.475000,	2.000000
19.558941,	1.539186,	-1.719100,	-2.837960,	-0.073970,	62.010417,	2.000000
15.843506,	1.526180,	-1.719100,	-2.837960,	-0.061970,	65.327083,	2.000000
5.846689,	1.087888,	-1.719100,	-2.837960,	-0.049970,	68.393750,	2.000000
3.772816,	1.005656,	-1.719100,	-2.837960,	-0.037970,	72.745833,	2.000000
2.151275,	0.676674,	-1.719100,	-2.837960,	-0.025970,	77.379167,	2.000000
1.888190,	0.406397,	-1.719100,	-2.837960,	-0.013970,	76.085417,	3.000000
94.039924,	2.423176,	-1.719100,	-2.487960,	-0.133970,	50.620833,	2.000000
75.787541,	2.277167,	-1.719100,	-2.487960,	-0.121970,	52.854167,	2.000000
62.505066,	2.442098,	-1.719100,	-2.487960,	-0.109970,	54.993750,	2.000000
48.615470,	1.959110,	-1.719100,	-2.487960,	-0.097970,	56.452083,	2.000000
34.787569,	1.744551,	-1.719100,	-2.487960,	-0.085970,	59.006250,	2.000000
23.257033,	1.551544,	-1.719100,	-2.487960,	-0.073970,	61.710417,	2.000000
17.142562,	1.331464,	-1.719100,	-2.487960,	-0.061970,	64.347917,	2.000000
10.963110,	1.195315,	-1.719100,	-2.487960,	-0.049970,	68.127083,	2.000000
6.580680,	0.975326,	-1.719100,	-2.487960,	-0.037970,	72.470833,	2.000000
5.231778,	0.877807,	-1.719100,	-2.487960,	-0.025970,	77.543750,	2.000000
3.393765,	0.517818,	-1.719100,	-2.487960,	-0.013970,	75.908333,	3.000000
104.416545,	2.440386,	-1.719100,	-2.137960,	-0.133970,	50.735417,	2.000000
86.566302,	2.255445,	-1.719100,	-2.137960,	-0.121970,	52.277083,	2.000000
73.183182,	2.150497,	-1.719100,	-2.137960,	-0.109970,	54.075000,	2.000000
59.364472,	1.946706,	-1.719100,	-2.137960,	-0.097970,	56.404167,	2.000000
42.326388,	1.657995,	-1.719100,	-2.137960,	-0.085970,	58.689583,	2.000000
30.307422,	1.491590,	-1.719100,	-2.137960,	-0.073970,	61.333333,	2.000000
21.310794,	1.349190,	-1.719100,	-2.137960,	-0.061970,	64.395833,	2.000000
15.575590,	1.189414,	-1.719100,	-2.137960,	-0.049970,	68.264583,	2.000000
8.723712,	0.903737,	-1.719100,	-2.137960,	-0.037970,	72.020833,	2.000000
6.725765,	0.843360,	-1.719100,	-2.137960,	-0.025970,	76.885417,	2.000000
3.053264,	0.352168,	-1.719100,	-2.137960,	-0.013970,	79.402083,	2.500000
122.722464,	2.546489,	-1.719100,	-1.787960,	-0.133970,	50.577083,	2.000000
108.467600,	2.314878,	-1.719100,	-1.787960,	-0.121970,	52.091667,	2.000000
86.819405,	2.093307,	-1.719100,	-1.787960,	-0.109970,	54.179167,	2.000000
70.457932,	1.853043,	-1.719100,	-1.787960,	-0.097970,	55.939583,	2.000000
56.333336,	1.681382,	-1.719100,	-1.787960,	-0.085970,	58.268750,	2.000000
41.755940,	1.549051,	-1.719100,	-1.787960,	-0.073970,	61.179167,	2.000000
31.966773,	1.382151,	-1.719100,	-1.787960,	-0.061970,	64.202083,	2.000000
23.048727,	1.103256,	-1.719100,	-1.787960,	-0.049970,	67.839583,	2.000000
14.829585,	0.913121,	-1.719100,	-1.787960,	-0.037970,	71.683333,	2.000000
7.253727,	0.966507,	-1.719100,	-1.787960,	-0.025970,	76.556250,	2.000000
5.012626,	0.408176,	-1.719100,	-1.787960,	-0.013970,	78.847917,	2.500000
153.507708,	2.407674,	-1.719100,	-1.437960,	-0.133970,	49.647917,	2.000000
139.927830,	2.332130,	-1.719100,	-1.437960,	-0.121970,	52.379167,	2.000000
115.203479,	2.056081,	-1.719100,	-1.437960,	-0.109970,	53.625000,	2.000000
92.263065,	1.832977,	-1.719100,	-1.437960,	-0.097970,	55.825000,	2.000000
77.042037,	1.711616,	-1.719100,	-1.437960,	-0.085970,	58.037500,	2.000000
58.499657,	1.484570,	-1.719100,	-1.437960,	-0.073970,	60.733333,	2.000000
48.373890,	1.404933,	-1.719100,	-1.437960,	-0.061970,	63.870833,	2.000000
32.539118,	1.168257,	-1.719100,	-1.437960,	-0.049970,	66.977083,	2.000000
21.042442,	0.898999,	-1.719100,	-1.437960,	-0.037970,	71.075000,	2.000000
14.040803,	0.701876,	-1.719100,	-1.437960,	-0.025970,	76.495833,	2.000000
6.779694,	0.371748,	-1.719100,	-1.437960,	-0.013970,	79.210417,	2.500000
214.866308,	2.449999,	-1.719100,	-1.087960,	-0.133970,	49.177083,	2.000000
175.398230,	2.201579,	-1.719100,	-1.087960,	-0.121970,	51.470833,	2.000000
159.492952,	2.126615,	-1.719100,	-1.087960,	-0.109970,	53.029167,	2.000000
125.510639,	1.793914,	-1.719100,	-1.087960,	-0.097970,	55.397917,	2.000000
106.167608,	1.676822,	-1.719100,	-1.087960,	-0.085970,	57.287500,	2.000000
83.974637,	1.588122,	-1.719100,	-1.087960,	-0.073970,	59.960417,	2.000000
69.451071,	1.450425,	-1.719100,	-1.087960,	-0.061970,	63.056250,	2.000000
49.172077,	1.117941,	-1.719100,	-1.087960,	-0.049970,	66.529167,	2.000000
33.260541,	0.989979,	-1.719100,	-1.087960,	-0.037970,	70.704167,	2.000000
21.032917,	0.720308,	-1.719100,	-1.087960,	-0.025970,	76.172917,	2.000000
10.475136,	0.596915,	-1.719100,	-1.087960,	-0.013970,	78.633333,	2.500000
299.473789,	2.285684,	-1.719100,	-0.737960,	-0.133970,	48.000000,	2.000000
259.925107,	2.174435,	-1.719100,	-0.737960,	-0.121970,	49.810417,	2.000000
229.242716,	2.097558,	-1.719100,	-0.737960,	-0.109970,	51.795833,	2.000000
186.253157,	1.845933,	-1.719100,	-0.737960,	-0.097970,	54.141667,	2.000000
155.918418,	1.774166,	-1.719100,	-0.737960,	-0.085970,	56.639583,	2.000000
121.967801,	1.455156,	-1.719100,	-0.737960,	-0.073970,	59.106250,	2.000000
100.862902,	1.409526,	-1.719100,	-0.737960,	-0.061970,	61.891667,	2.000000
73.521504,	1.122068,	-1.719100,	-0.737960,	-0.049970,	65.606250,	2.000000
47.398196,	0.781732,	-1.719100,	-0.737960,	-0.037970,	70.264583,	2.000000
31.253009,	0.664125,	-1.719100,	-0.737960,	-0.025970,	75.141667,	2.000000
14.221714,	0.399573,	-1.719100,	-0.737960,	-0.013970,	77.958333,	2.500000
607.149043,	3.751855,	-1.719100,	-0.387960,	-0.133970,	49.385417,	1.500000
486.504195,	3.157114,	-1.719100,	-0.387960,	-0.121970,	41.047917,	2.000000
377.952276,	2.379761,	-1.719100,	-0.387960,	-0.109970,	45.825000,	2.000000
307.637470,	2.011175,	-1.719100,	-0.387960,	-0.097970,	49.854167,	2.000000
254.909085,	1.813275,	-1.719100,	-0.387960,	-0.085970,	53.145833,	2.000000
182.380240,	1.335530,	-1.719100,	-0.387960,	-0.073970,	56.472917,	2.000000
158.873223,	1.319798,	-1.719100,	-0.387960,	-0.061970,	60.193750,	2.000000
110.140143,	0.997695,	-1.719100,	-0.387960,	-0.049970,	64.041667,	2.000000
75.716049,	0.808597,	-1.719100,	-0.387960,	-0.037970,	68.250000,	2.000000
47.449297,	0.592186,	-1.719100,	-0.387960,	-0.025970,	74.385417,	2.000000
21.473675,	0.342398,	-1.719100,	-0.387960,	-0.013970,	77.241667,	2.500000
5.550013,	0.377879,	-1.719100,	-0.037960,	-0.133970,	79.497917,	2.000000
4.417710,	0.381393,	-1.719100,	-0.037960,	-0.121970,	75.141667,	2.500000
4.371869,	0.380963,	-1.719100,	-0.037960,	-0.109970,	80.070833,	2.000000
3.339242,	0.369548,	-1.719100,	-0.037960,	-0.097970,	75.645833,	2.500000
3.152232,	0.394423,	-1.719100,	-0.037960,	-0.085970,	75.889583,	2.500000
2.546425,	0.416246,	-1.719100,	-0.037960,	-0.073970,	75.693750,	2.500000
0.002792,	0.461771,	-1.719100,	-0.037960,	-0.061970,	75.460417,	2.500000
-4.059435,	0.514149,	-1.719100,	-0.037960,	-0.049970,	78.079167,	2.000000
-5.095457,	0.665038,	-1.719100,	-0.037960,	-0.037970,	74.966667,	2.000000
-3.495129,	0.914682,	-1.719100,	-0.037960,	-0.025970,	68.518750,	2.000000
20.286232,	0.788928,	-1.719100,	-0.037960,	-0.013970,	76.027083,	2.000000
11.332401,	1.726053,	-1.219100,	-3.537960,	-0.133970,	52.572917,	2.000000
2.924469,	1.185619,	-1.219100,	-3.537960,	-0.121970,	54.583333,	2.000000
-4.068146,	1.265598,	-1.219100,	-3.537960,	-0.109970,	56.531250,	2.000000
-7.852013,	0.873946,	-1.219100,	-3.537960,	-0.097970,	58.743750,	2.000000
-11.555036,	0.895038,	-1.219100,	-3.537960,	-0.085970,	60.668750,	2.000000
-13.725467,	0.903931,	-1.219100,	-3.537960,	-0.073970,	63.397917,	2.000000
-13.043434,	1.123435,	-1.219100,	-3.537960,	-0.061970,	66.212500,	2.000000
-13.640288,	0.484544,	-1.219100,	-3.537960,	-0.049970,	69.825000,	2.000000
-11.674690,	0.467337,	-1.219100,	-3.537960,	-0.037970,	73.270833,	2.000000
-5.514300,	0.700576,	-1.219100,	-3.537960,	-0.025970,	78.131250,	2.000000
-0.778214,	0.609451,	-1.219100,	-3.537960,	-0.013970,	76.391667,	3.000000
11.385312,	2.980414,	-1.219100,	-3.187960,	-0.133970,	52.193750,	2.000000
4.103726,	1.489003,	-1.219100,	-3.187960,	-0.121970,	54.716667,	2.000000
-2.817916,	1.237842,	-1.219100,	-3.187960,	-0.109970,	55.908333,	2.000000
-9.184049,	1.209041,	-1.219100,	-3.187960,	-0.097970,	58.362500,	2.000000
-13.051204,	0.709341,	-1.219100,	-3.187960,	-0.085970,	60.687500,	2.000000
-13.196052,	0.823811,	-1.219100,	-3.187960,	-0.073970,	63.035417,	2.000000
-13.964900,	0.659534,	-1.219100,	-3.187960,	-0.061970,	66.533333,	2.000000
-13.164884,	0.678523,	-1.219100,	-3.187960,	-0.049970,	69.545833,	2.000000
-10.173726,	0.594374,	-1.219100,	-3.187960,	-0.037970,	73.331250,	2.000000
-6.572223,	0.432353,	-1.219100,	-3.187960,	-0.025970,	77.554167,	2.000000
-1.403928,	0.298666,	-1.219100,	-3.187960,	-0.013970,	76.472917,	3.000000
7.127551,	1.342787,	-1.219100,	-2.837960,	-0.133970,	52.766667,	2.000000
-3.582908,	1.124697,	-1.219100,	-2.837960,	-0.109970,	55.852083,	2.000000
1.453713,	1.053680,	-1.219100,	-2.837960,	-0.121970,	54.320833,	2.000000
-8.471068,	1.074359,	-1.219100,	-2.837960,	-0.097970,	58.531250,	2.000000
-10.578890,	1.144380,	-1.219100,	-2.837960,	-0.085970,	60.318750,	2.000000
-12.830729,	0.649679,	-1.219100,	-2.837960,	-0.073970,	62.883333,	2.000000
-14.667780,	0.640741,	-1.219100,	-2.837960,	-0.061970,	66.216667,	2.000000
-12.085926,	0.404646,	-1.219100,	-2.837960,	-0.049970,	69.162500,	2.000000
-9.507107,	0.341457,	-1.219100,	-2.837960,	-0.037970,	73.212500,	2.000000
-6.131664,	0.375495,	-1.219100,	-2.837960,	-0.025970,	77.520833,	2.000000
-1.397672,	0.193073,	-1.219100,	-2.837960,	-0.013970,	76.552083,	3.000000
7.936970,	0.964910,	-1.219100,	-2.487960,	-0.133970,	52.566667,	2.000000
3.408836,	1.267460,	-1.219100,	-2.487960,	-0.121970,	54.268750,	2.000000
-5.009571,	0.896185,	-1.219100,	-2.487960,	-0.109970,	56.266667,	2.000000
-7.144892,	1.059338,	-1.219100,	-2.487960,	-0.097970,	57.870833,	2.000000
-11.602610,	0.738140,	-1.219100,	-2.487960,	-0.085970,	60.200000,	2.000000
-12.070257,	0.743291,	-1.219100,	-2.487960,	-0.073970,	62.637500,	2.000000
-11.132576,	0.821296,	-1.219100,	-2.487960,	-0.061970,	65.700000,	2.000000
-11.346649,	0.370094,	-1.219100,	-2.487960,	-0.049970,	69.125000,	2.000000
-8.498492,	0.380644,	-1.219100,	-2.487960,	-0.037970,	73.168750,	2.000000
-5.157718,	0.434250,	-1.219100,	-2.487960,	-0.025970,	77.431250,	2.000000
-0.644929,	0.157988,	-1.219100,	-2.487960,	-0.013970,	76.100000,	3.000000
10.060378,	1.267635,	-1.219100,	-2.137960,	-0.133970,	51.731250,	2.000000
5.029073,	2.425301,	-1.219100,	-2.137960,	-0.121970,	53.654167,	2.000000
-0.354694,	1.012667,	-1.219100,	-2.137960,	-0.109970,	56.022917,	2.000000
-5.614769,	0.797233,	-1.219100,	-2.137960,	-0.097970,	57.983333,	2.000000
-8.303482,	0.794391,	-1.219100,	-2.137960,	-0.085970,	60.072917,	2.000000
-8.253841,	0.672895,	-1.219100,	-2.137960,	-0.073970,	62.916667,	2.000000
-10.379220,	0.360053,	-1.219100,	-2.137960,	-0.061970,	65.279167,	2.000000
-9.710165,	0.500385,	-1.219100,	-2.137960,	-0.049970,	68.827083,	2.000000
-6.820447,	0.247477,	-1.219100,	-2.137960,	-0.037970,	72.858333,	2.000000
-3.976748,	0.518320,	-1.219100,	-2.137960,	-0.025970,	77.737500,	2.000000
-0.006445,	0.241668,	-1.219100,	-2.137960,	-0.013970,	79.506250,	2.500000
13.028168,	1.018872,	-1.219100,	-1.787960,	-0.133970,	51.972917,	2.000000
8.446501,	1.167488,	-1.219100,	-1.787960,	-0.121970,	53.922917,	2.000000
2.028151,	0.854828,	-1.219100,	-1.787960,	-0.109970,	55.887500,	2.000000
0.349919,	0.830668,	-1.219100,	-1.787960,	-0.097970,	57.577083,	2.000000
-1.855138,	1.292915,	-1.219100,	-1.787960,	-0.085970,	59.877083,	2.000000
-6.786025,	0.621902,	-1.219100,	-1.787960,	-0.073970,	62.345833,	2.000000
-6.487712,	0.514835,	-1.219100,	-1.787960,	-0.061970,	64.897917,	2.000000
-5.129762,	0.624473,	-1.219100,	-1.787960,	-0.049970,	68.610417,	2.000000
-5.135479,	0.507315,	-1.219100,	-1.787960,	-0.037970,	72.406250,	2.000000
-1.873416,	0.382670,	-1.219100,	-1.787960,	-0.025970,	77.237500,	2.000000
0.327412,	0.188021,	-1.219100,	-1.787960,	-0.013970,	79.791667,	2.500000
21.885712,	1.138859,	-1.219100,	-1.437960,	-0.133970,	52.254167,	2.000000
15.937027,	1.001053,	-1.219100,	-1.437960,	-0.121970,	53.779167,	2.000000
11.655831,	1.145192,	-1.219100,	-1.437960,	-0.109970,	55.052083,	2.000000
7.792618,	0.918434,	-1.219100,	-1.437960,	-0.097970,	57.031250,	2.000000
4.807166,	0.893681,	-1.219100,	-1.437960,	-0.085970,	59.560417,	2.000000
1.490132,	0.752277,	-1.219100,	-1.437960,	-0.073970,	61.954167,	2.000000
0.473511,	0.601915,	-1.219100,	-1.437960,	-0.061970,	64.962500,	2.000000
-0.125294,	0.543760,	-1.219100,	-1.437960,	-0.049970,	68.275000,	2.000000
0.227040,	0.398266,	-1.219100,	-1.437960,	-0.037970,	72.362500,	2.000000
1.186500,	0.314141,	-1.219100,	-1.437960,	-0.025970,	76.729167,	2.000000
1.242001,	0.190193,	-1.219100,	-1.437960,	-0.013970,	79.295833,	2.500000
34.246832,	1.038605,	-1.219100,	-1.087960,	-0.133970,	52.266667,	2.000000
32.305316,	1.009034,	-1.219100,	-1.087960,	-0.121970,	53.808333,	2.000000
26.342271,	0.946088,	-1.219100,	-1.087960,	-0.109970,	55.433333,	2.000000
20.602046,	0.961523,	-1.219100,	-1.087960,	-0.097970,	57.272917,	2.000000
16.787830,	1.128968,	-1.219100,	-1.087960,	-0.085970,	59.925000,	2.000000
13.312234,	0.806158,	-1.219100,	-1.087960,	-0.073970,	62.235417,	2.000000
9.614172,	0.651939,	-1.219100,	-1.087960,	-0.061970,	65.014583,	2.000000
7.512853,	0.575834,	-1.219100,	-1.087960,	-0.049970,	67.793750,	2.000000
5.268135,	0.428362,	-1.219100,	-1.087960,	-0.037970,	72.052083,	2.000000
4.940846,	0.370401,	-1.219100,	-1.087960,	-0.025970,	76.535417,	2.000000
3.571452,	0.206395,	-1.219100,	-1.087960,	-0.013970,	79.039583,	2.500000
66.991848,	1.207001,	-1.219100,	-0.737960,	-0.133970,	52.681250,	2.000000
56.069373,	1.149089,	-1.219100,	-0.737960,	-0.121970,	53.820833,	2.000000
49.820765,	1.040919,	-1.219100,	-0.737960,	-0.109970,	56.135417,	2.000000
44.300180,	0.930352,	-1.219100,	-0.737960,	-0.097970,	57.354167,	2.000000
36.081926,	0.806282,	-1.219100,	-0.737960,	-0.085970,	59.720833,	2.000000
30.381728,	0.676658,	-1.219100,	-0.737960,	-0.073970,	61.929167,	2.000000
26.287936,	0.776728,	-1.219100,	-0.737960,	-0.061970,	64.672917,	2.000000
18.686287,	0.603178,	-1.219100,	-0.737960,	-0.049970,	67.902083,	2.000000
15.856013,	0.419769,	-1.219100,	-0.737960,	-0.037970,	71.845833,	2.000000
11.958530,	0.314678,	-1.219100,	-0.737960,	-0.025970,	76.364583,	2.000000
6.940565,	0.294869,	-1.219100,	-0.737960,	-0.013970,	79.143750,	2.500000
125.514501,	1.215827,	-1.219100,	-0.387960,	-0.133970,	53.300000,	2.000000
111.189779,	1.129452,	-1.219100,	-0.387960,	-0.121970,	55.356250,	2.000000
97.433492,	1.142684,	-1.219100,	-0.387960,	-0.109970,	56.847917,	2.000000
82.579752,	0.906135,	-1.219100,	-0.387960,	-0.097970,	58.870833,	2.000000
72.219463,	0.891527,	-1.219100,	-0.387960,	-0.085970,	60.366667,	2.000000
60.622468,	0.789874,	-1.219100,	-0.387960,	-0.073970,	62.968750,	2.000000
51.273882,	0.689135,	-1.219100,	-0.387960,	-0.061970,	65.785417,	2.000000
40.374798,	0.530350,	-1.219100,	-0.387960,	-0.049970,	68.077083,	2.000000
31.862881,	0.433759,	-1.219100,	-0.387960,	-0.037970,	71.335417,	2.000000
21.871334,	0.388557,	-1.219100,	-0.387960,	-0.025970,	76.033333,	2.000000
11.377538,	0.194393,	-1.219100,	-0.387960,	-0.013970,	78.068750,	2.500000
14.292643,	0.260660,	-1.219100,	-0.037960,	-0.133970,	78.233333,	2.000000
13.485427,	0.266246,	-1.219100,	-0.037960,	-0.121970,	78.097917,	2.000000
12.896097,	0.268273,	-1.219100,	-0.037960,	-0.109970,	78.741667,	2.000000
12.024977,	0.243490,	-1.219100,	-0.037960,	-0.097970,	79.597917,	2.000000
11.529222,	0.252492,	-1.219100,	-0.037960,	-0.085970,	75.531250,	2.500000
10.233169,	0.264192,	-1.219100,	-0.037960,	-0.073970,	76.610417,	2.500000
7.814760,	0.281399,	-1.219100,	-0.037960,	-0.061970,	77.687500,	2.500000
3.001711,	0.339535,	-1.219100,	-0.037960,	-0.049970,	77.783333,	2.500000
-6.653385,	0.655111,	-1.219100,	-0.037960,	-0.037970,	75.206250,	2.000000
37.218766,	0.589995,	-1.219100,	-0.037960,	-0.025970,	71.281250,	2.000000
15.696879,	0.122820,	-1.219100,	-0.037960,	-0.013970,	79.333333,	2.500000
-3.069930,	0.744995,	-0.719100,	-3.537960,	-0.133970,	55.254167,	2.000000
-8.222738,	0.680647,	-0.719100,	-3.537960,	-0.121970,	56.835417,	2.000000
-14.197404,	0.616278,	-0.719100,	-3.537960,	-0.109970,	58.966667,	2.000000
-17.367817,	0.568453,	-0.719100,	-3.537960,	-0.097970,	60.245833,	2.000000
-20.661073,	0.513378,	-0.719100,	-3.537960,	-0.085970,	62.202083,	2.000000
-21.434963,	0.464069,	-0.719100,	-3.537960,	-0.073970,	64.589583,	2.000000
-21.282732,	0.421835,	-0.719100,	-3.537960,	-0.061970,	67.012500,	2.000000
-18.235157,	0.365020,	-0.719100,	-3.537960,	-0.049970,	70.375000,	2.000000
-13.455567,	0.326502,	-0.719100,	-3.537960,	-0.037970,	73.806250,	2.000000
-8.417941,	0.282646,	-0.719100,	-3.537960,	-0.025970,	78.218750,	2.000000
-1.739026,	0.164750,	-0.719100,	-3.537960,	-0.013970,	76.906250,	3.000000
-5.429562,	0.647531,	-0.719100,	-3.187960,	-0.133970,	55.125000,	2.000000
-12.347766,	0.571164,	-0.719100,	-3.187960,	-0.121970,	56.735417,	2.000000
-16.330787,	0.529290,	-0.719100,	-3.187960,	-0.109970,	58.095833,	2.000000
-20.827456,	0.488632,	-0.719100,	-3.187960,	-0.097970,	60.358333,	2.000000
-21.917999,	0.436950,	-0.719100,	-3.187960,	-0.085970,	62.366667,	2.000000
-22.226405,	0.407269,	-0.719100,	-3.187960,	-0.073970,	64.720833,	2.000000
-21.695857,	0.367756,	-0.719100,	-3.187960,	-0.061970,	67.483333,	2.000000
-18.527482,	0.328443,	-0.719100,	-3.187960,	-0.049970,	70.318750,	2.000000
-13.775960,	0.297026,	-0.719100,	-3.187960,	-0.037970,	74.281250,	2.000000
-8.808582,	0.241523,	-0.719100,	-3.187960,	-0.025970,	78.260417,	2.000000
-2.082197,	0.163358,	-0.719100,	-3.187960,	-0.013970,	76.695833,	3.000000
-9.456028,	0.523063,	-0.719100,	-2.837960,	-0.133970,	55.379167,	2.000000
-13.791172,	0.482371,	-0.719100,	-2.837960,	-0.121970,	57.189583,	2.000000
-18.089854,	0.447655,	-0.719100,	-2.837960,	-0.109970,	58.297917,	2.000000
-21.377295,	0.379669,	-0.719100,	-2.837960,	-0.097970,	60.443750,	2.000000
-23.051281,	0.356677,	-0.719100,	-2.837960,	-0.085970,	62.647917,	2.000000
-23.278790,	0.340524,	-0.719100,	-2.837960,	-0.073970,	65.147917,	2.000000
-22.086737,	0.329545,	-0.719100,	-2.837960,	-0.061970,	67.266667,	2.000000
-18.593687,	0.285849,	-0.719100,	-2.837960,	-0.049970,	70.404167,	2.000000
-14.015494,	0.262176,	-0.719100,	-2.837960,	-0.037970,	74.187500,	2.000000
-7.942703,	0.209277,	-0.719100,	-2.837960,	-0.025970,	78.487500,	2.000000
-2.178459,	0.147260,	-0.719100,	-2.837960,	-0.013970,	76.285417,	3.000000
-12.098421,	0.435240,	-0.719100,	-2.487960,	-0.133970,	55.364583,	2.000000
-17.001807,	0.371090,	-0.719100,	-2.487960,	-0.121970,	56.589583,	2.000000
-20.076627,	0.342210,	-0.719100,	-2.487960,	-0.109970,	58.460417,	2.000000
-22.420036,	0.312123,	-0.719100,	-2.487960,	-0.097970,	60.658333,	2.000000
-24.156759,	0.291105,	-0.719100,	-2.487960,	-0.085970,	62.841667,	2.000000
-23.922410,	0.268230,	-0.719100,	-2.487960,	-0.073970,	64.639583,	2.000000
-21.923185,	0.259754,	-0.719100,	-2.487960,	-0.061970,	67.589583,	2.000000
-18.736388,	0.246534,	-0.719100,	-2.487960,	-0.049970,	70.352083,	2.000000
-13.356275,	0.217918,	-0.719100,	-2.487960,	-0.037970,	73.379167,	2.000000
-7.614443,	0.178016,	-0.719100,	-2.487960,	-0.025970,	78.354167,	2.000000
-1.936889,	0.135616,	-0.719100,	-2.487960,	-0.013970,	76.443750,	3.000000
-15.315408,	0.300935,	-0.719100,	-2.137960,	-0.133970,	55.910417,	2.000000
-19.300618,	0.288506,	-0.719100,	-2.137960,	-0.121970,	56.768750,	2.000000
-21.902957,	0.248987,	-0.719100,	-2.137960,	-0.109970,	58.962500,	2.000000
-23.500385,	0.223977,	-0.719100,	-2.137960,	-0.097970,	60.522917,	2.000000
-24.647226,	0.219474,	-0.719100,	-2.137960,	-0.085970,	62.162500,	2.000000
-23.487445,	0.209948,	-0.719100,	-2.137960,	-0.073970,	64.658333,	2.000000
-21.611197,	0.207147,	-0.719100,	-2.137960,	-0.061970,	67.141667,	2.000000
-18.742241,	0.214208,	-0.719100,	-2.137960,	-0.049970,	70.297917,	2.000000
-13.316505,	0.192256,	-0.719100,	-2.137960,	-0.037970,	73.979167,	2.000000
-7.967808,	0.171247,	-0.719100,	-2.137960,	-0.025970,	78.354167,	2.000000
-1.847404,	0.121612,	-0.719100,	-2.137960,	-0.013970,	76.456250,	3.000000
-17.459527,	0.234948,	-0.719100,	-1.787960,	-0.133970,	56.062500,	2.000000
-20.499785,	0.199537,	-0.719100,	-1.787960,	-0.121970,	57.039583,	2.000000
-22.652322,	0.192450,	-0.719100,	-1.787960,	-0.109970,	58.962500,	2.000000
-23.639343,	0.174008,	-0.719100,	-1.787960,	-0.097970,	60.825000,	2.000000
-23.626611,	0.174797,	-0.719100,	-1.787960,	-0.085970,	62.847917,	2.000000
-22.953475,	0.180109,	-0.719100,	-1.787960,	-0.073970,	65.000000,	2.000000
-20.641544,	0.187228,	-0.719100,	-1.787960,	-0.061970,	67.304167,	2.000000
-16.914836,	0.190926,	-0.719100,	-1.787960,	-0.049970,	70.204167,	2.000000
-12.897150,	0.186264,	-0.719100,	-1.787960,	-0.037970,	73.675000,	2.000000
-6.736326,	0.164812,	-0.719100,	-1.787960,	-0.025970,	78.235417,	2.000000
-1.566014,	0.119023,	-0.719100,	-1.787960,	-0.013970,	76.487500,	3.000000
-17.499716,	0.230688,	-0.719100,	-1.437960,	-0.133970,	56.562500,	2.000000
-20.057052,	0.217321,	-0.719100,	-1.437960,	-0.121970,	58.300000,	2.000000
-21.556597,	0.217595,	-0.719100,	-1.437960,	-0.109970,	59.577083,	2.000000
-22.011638,	0.207798,	-0.719100,	-1.437960,	-0.097970,	61.341667,	2.000000
-22.053020,	0.218760,	-0.719100,	-1.437960,	-0.085970,	62.775000,	2.000000
-20.613955,	0.216519,	-0.719100,	-1.437960,	-0.073970,	65.247917,	2.000000
-18.521157,	0.215637,	-0.719100,	-1.437960,	-0.061970,	67.314583,	2.000000
-15.319293,	0.216392,	-0.719100,	-1.437960,	-0.049970,	70.572917,	2.000000
-11.635878,	0.204188,	-0.719100,	-1.437960,	-0.037970,	73.787500,	2.000000
-5.718784,	0.173189,	-0.719100,	-1.437960,	-0.025970,	78.087500,	2.000000
-1.020133,	0.126384,	-0.719100,	-1.437960,	-0.013970,	76.577083,	3.000000
-16.303435,	0.345209,	-0.719100,	-1.087960,	-0.133970,	57.610417,	2.000000
-17.824524,	0.328277,	-0.719100,	-1.087960,	-0.121970,	59.085417,	2.000000
-18.484216,	0.322263,	-0.719100,	-1.087960,	-0.109970,	60.027083,	2.000000
-18.063639,	0.311424,	-0.719100,	-1.087960,	-0.097970,	61.554167,	2.000000
-18.110951,	0.308090,	-0.719100,	-1.087960,	-0.085970,	63.541667,	2.000000
-16.352535,	0.294574,	-0.719100,	-1.087960,	-0.073970,	65.275000,	2.000000
-14.349373,	0.281791,	-0.719100,	-1.087960,	-0.061970,	67.662500,	2.000000
-11.344090,	0.262322,	-0.719100,	-1.087960,	-0.049970,	70.156250,	2.000000
-7.622461,	0.237412,	-0.719100,	-1.087960,	-0.037970,	73.629167,	2.000000
-3.607431,	0.201773,	-0.719100,	-1.087960,	-0.025970,	78.250000,	2.000000
0.042136,	0.141903,	-0.719100,	-1.087960,	-0.013970,	79.777083,	2.500000
-10.918833,	0.485783,	-0.719100,	-0.737960,	-0.133970,	59.825000,	2.000000
-10.966026,	0.462833,	-0.719100,	-0.737960,	-0.121970,	60.433333,	2.000000
-11.560900,	0.455912,	-0.719100,	-0.737960,	-0.109970,	61.800000,	2.000000
-11.513979,	0.435337,	-0.719100,	-0.737960,	-0.097970,	63.441667,	2.000000
-10.627502,	0.414286,	-0.719100,	-0.737960,	-0.085970,	64.658333,	2.000000
-8.790378,	0.388255,	-0.719100,	-0.737960,	-0.073970,	66.693750,	2.000000
-6.393731,	0.359839,	-0.719100,	-0.737960,	-0.061970,	68.577083,	2.000000
-5.731162,	0.329791,	-0.719100,	-0.737960,	-0.049970,	71.383333,	2.000000
-2.225269,	0.289803,	-0.719100,	-0.737960,	-0.037970,	74.118750,	2.000000
-0.155786,	0.236561,	-0.719100,	-0.737960,	-0.025970,	78.225000,	2.000000
1.770004,	0.159031,	-0.719100,	-0.737960,	-0.013970,	79.877083,	2.500000
-3.053382,	0.639945,	-0.719100,	-0.387960,	-0.133970,	63.516667,	2.000000
-2.502965,	0.601858,	-0.719100,	-0.387960,	-0.121970,	64.816667,	2.000000
-1.574661,	0.574540,	-0.719100,	-0.387960,	-0.109970,	65.508333,	2.000000
0.140749,	0.536141,	-0.719100,	-0.387960,	-0.097970,	66.531250,	2.000000
1.657937,	0.501398,	-0.719100,	-0.387960,	-0.085970,	67.704167,	2.000000
2.842028,	0.465986,	-0.719100,	-0.387960,	-0.073970,	68.537500,	2.000000
3.842040,	0.417797,	-0.719100,	-0.387960,	-0.061970,	70.454167,	2.000000
4.520541,	0.376884,	-0.719100,	-0.387960,	-0.049970,	72.650000,	2.000000
5.927487,	0.321110,	-0.719100,	-0.387960,	-0.037970,	75.122917,	2.000000
6.007325,	0.258397,	-0.719100,	-0.387960,	-0.025970,	78.972917,	2.000000
4.916901,	0.176216,	-0.719100,	-0.387960,	-0.013970,	79.352083,	2.500000
64.990118,	0.521193,	-0.719100,	-0.037960,	-0.133970,	69.060417,	2.000000
65.418559,	0.524173,	-0.719100,	-0.037960,	-0.121970,	69.525000,	2.000000
66.852498,	0.854191,	-0.719100,	-0.037960,	-0.109970,	68.920833,	2.000000
68.935423,	0.560028,	-0.719100,	-0.037960,	-0.097970,	67.993750,	2.000000
71.541741,	0.635183,	-0.719100,	-0.037960,	-0.085970,	66.183333,	2.000000
73.165799,	0.766921,	-0.719100,	-0.037960,	-0.073970,	64.793750,	2.000000
84.685719,	1.690352,	-0.719100,	-0.037960,	-0.061970,	62.708333,	2.000000
14.063009,	1.247676,	-0.719100,	-0.037960,	-0.049970,	62.422917,	2.000000
-5.040673,	0.682305,	-0.719100,	-0.037960,	-0.037970,	75.077083,	2.000000
2.926689,	0.300912,	-0.719100,	-0.037960,	-0.025970,	77.627083,	3.000000
5.267549,	0.118969,	-0.719100,	-0.037960,	-0.013970,	78.977083,	3.500000
34.422081,	1.284181,	-0.219100,	-3.537960,	-0.133970,	55.633333,	2.000000
17.492354,	1.153728,	-0.219100,	-3.537960,	-0.121970,	56.993750,	2.000000
10.225530,	1.072148,	-0.219100,	-3.537960,	-0.109970,	59.225000,	2.000000
0.408791,	0.967203,	-0.219100,	-3.537960,	-0.097970,	60.766667,	2.000000
-6.027989,	0.863433,	-0.219100,	-3.537960,	-0.085970,	63.622917,	2.000000
-9.620188,	0.783293,	-0.219100,	-3.537960,	-0.073970,	65.666667,	2.000000
-11.861718,	0.698040,	-0.219100,	-3.537960,	-0.061970,	67.937500,	2.000000
-12.184472,	0.603123,	-0.219100,	-3.537960,	-0.049970,	71.045833,	2.000000
-9.986921,	0.495047,	-0.219100,	-3.537960,	-0.037970,	74.750000,	2.000000
-5.613446,	0.393415,	-0.219100,	-3.537960,	-0.025970,	78.920833,	2.000000
-1.008582,	0.246200,	-0.219100,	-3.537960,	-0.013970,	76.904167,	3.000000
30.406299,	1.232371,	-0.219100,	-3.187960,	-0.133970,	55.568750,	2.000000
20.720589,	1.152027,	-0.219100,	-3.187960,	-0.121970,	57.743750,	2.000000
8.290183,	1.036247,	-0.219100,	-3.187960,	-0.109970,	59.383333,	2.000000
-0.740975,	0.938456,	-0.219100,	-3.187960,	-0.097970,	61.400000,	2.000000
-6.383329,	0.850099,	-0.219100,	-3.187960,	-0.085970,	63.658333,	2.000000
-11.263576,	0.752507,	-0.219100,	-3.187960,	-0.073970,	65.839583,	2.000000
-13.293094,	0.669791,	-0.219100,	-3.187960,	-0.061970,	68.270833,	2.000000
-11.536645,	0.595131,	-0.219100,	-3.187960,	-0.049970,	71.037500,	2.000000
-9.584728,	0.475345,	-0.219100,	-3.187960,	-0.037970,	74.452083,	2.000000
-6.261441,	0.393376,	-0.219100,	-3.187960,	-0.025970,	79.154167,	2.000000
-1.339356,	0.245042,	-0.219100,	-3.187960,	-0.013970,	77.012500,	3.000000
29.370938,	1.227739,	-0.219100,	-2.837960,	-0.133970,	55.972917,	2.000000
15.482780,	1.101942,	-0.219100,	-2.837960,	-0.121970,	58.110417,	2.000000
8.751769,	1.044702,	-0.219100,	-2.837960,	-0.109970,	59.372917,	2.000000
0.070795,	0.938113,	-0.219100,	-2.837960,	-0.097970,	61.297917,	2.000000
-5.340854,	0.856741,	-0.219100,	-2.837960,	-0.085970,	63.139583,	2.000000
-12.084016,	0.749645,	-0.219100,	-2.837960,	-0.073970,	65.585417,	2.000000
-12.352608,	0.686162,	-0.219100,	-2.837960,	-0.061970,	68.666667,	2.000000
-12.902139,	0.585210,	-0.219100,	-2.837960,	-0.049970,	71.504167,	2.000000
-9.627573,	0.490068,	-0.219100,	-2.837960,	-0.037970,	74.579167,	2.000000
-5.617467,	0.384238,	-0.219100,	-2.837960,	-0.025970,	78.687500,	2.000000
-1.129069,	0.244498,	-0.219100,	-2.837960,	-0.013970,	76.804167,	3.000000
26.916547,	1.192560,	-0.219100,	-2.487960,	-0.133970,	56.133333,	2.000000
14.389560,	1.096150,	-0.219100,	-2.487960,	-0.121970,	57.583333,	2.000000
6.971135,	1.016122,	-0.219100,	-2.487960,	-0.109970,	59.570833,	2.000000
-1.460188,	0.922076,	-0.219100,	-2.487960,	-0.097970,	61.445833,	2.000000
-5.590362,	0.854419,	-0.219100,	-2.487960,	-0.085970,	63.410417,	2.000000
-11.390794,	0.757578,	-0.219100,	-2.487960,	-0.073970,	65.831250,	2.000000
-13.524539,	0.657604,	-0.219100,	-2.487960,	-0.061970,	68.772917,	2.000000
-12.443260,	0.577601,	-0.219100,	-2.487960,	-0.049970,	71.281250,	2.000000
-10.426430,	0.470485,	-0.219100,	-2.487960,	-0.037970,	74.383333,	2.000000
-6.143082,	0.372466,	-0.219100,	-2.487960,	-0.025970,	78.658333,	2.000000
-1.750565,	0.229260,	-0.219100,	-2.487960,	-0.013970,	76.610417,	3.000000
24.451589,	1.197560,	-0.219100,	-2.137960,	-0.133970,	56.385417,	2.000000
15.594848,	1.119598,	-0.219100,	-2.137960,	-0.121970,	58.195833,	2.000000
4.824800,	1.006280,	-0.219100,	-2.137960,	-0.109970,	59.627083,	2.000000
-4.282090,	0.914275,	-0.219100,	-2.137960,	-0.097970,	61.633333,	2.000000
-9.073825,	0.832861,	-0.219100,	-2.137960,	-0.085970,	64.254167,	2.000000
-12.796219,	0.743186,	-0.219100,	-2.137960,	-0.073970,	66.179167,	2.000000
-12.325936,	0.679252,	-0.219100,	-2.137960,	-0.061970,	68.666667,	2.000000
-13.010507,	0.567792,	-0.219100,	-2.137960,	-0.049970,	71.406250,	2.000000
-10.569939,	0.487225,	-0.219100,	-2.137960,	-0.037970,	74.385417,	2.000000
-6.013082,	0.380103,	-0.219100,	-2.137960,	-0.025970,	78.922917,	2.000000
-1.503699,	0.241217,	-0.219100,	-2.137960,	-0.013970,	76.568750,	3.000000
22.892361,	1.191422,	-0.219100,	-1.787960,	-0.133970,	56.662500,	2.000000
12.137809,	1.108151,	-0.219100,	-1.787960,	-0.121970,	58.168750,	2.000000
4.135464,	1.016589,	-0.219100,	-1.787960,	-0.109970,	59.791667,	2.000000
-3.693044,	0.913919,	-0.219100,	-1.787960,	-0.097970,	61.933333,	2.000000
-8.513476,	0.823504,	-0.219100,	-1.787960,	-0.085970,	63.991667,	2.000000
-11.292783,	0.749566,	-0.219100,	-1.787960,	-0.073970,	66.097917,	2.000000
-13.713265,	0.656858,	-0.219100,	-1.787960,	-0.061970,	68.437500,	2.000000
-12.790543,	0.579589,	-0.219100,	-1.787960,	-0.049970,	71.291667,	2.000000
-9.728848,	0.487495,	-0.219100,	-1.787960,	-0.037970,	74.360417,	2.000000
-5.898607,	0.357997,	-0.219100,	-1.787960,	-0.025970,	78.760417,	2.000000
-1.069669,	0.248332,	-0.219100,	-1.787960,	-0.013970,	76.633333,	3.000000
19.829391,	1.186107,	-0.219100,	-1.437960,	-0.133970,	56.556250,	2.000000
11.551951,	1.109888,	-0.219100,	-1.437960,	-0.121970,	59.239583,	2.000000
3.897598,	1.031497,	-0.219100,	-1.437960,	-0.109970,	60.708333,	2.000000
-4.105314,	0.914053,	-0.219100,	-1.437960,	-0.097970,	62.289583,	2.000000
-9.824173,	0.841528,	-0.219100,	-1.437960,	-0.085970,	64.406250,	2.000000
-12.513081,	0.755197,	-0.219100,	-1.437960,	-0.073970,	66.895833,	2.000000
-11.942509,	0.683652,	-0.219100,	-1.437960,	-0.061970,	68.668750,	2.000000
-11.137926,	0.592165,	-0.219100,	-1.437960,	-0.049970,	71.820833,	2.000000
-9.334510,	0.488740,	-0.219100,	-1.437960,	-0.037970,	74.922917,	2.000000
-5.422030,	0.386463,	-0.219100,	-1.437960,	-0.025970,	79.279167,	2.000000
-1.239654,	0.237883,	-0.219100,	-1.437960,	-0.013970,	77.112500,	3.000000
18.649556,	1.206152,	-0.219100,	-1.087960,	-0.133970,	57.897917,	2.000000
8.733264,	1.094399,	-0.219100,	-1.087960,	-0.121970,	59.122917,	2.000000
2.226589,	1.045748,	-0.219100,	-1.087960,	-0.109970,	60.443750,	2.000000
-4.476793,	0.941544,	-0.219100,	-1.087960,	-0.097970,	62.466667,	2.000000
-7.972311,	0.870206,	-0.219100,	-1.087960,	-0.085970,	64.614583,	2.000000
-10.619562,	0.779193,	-0.219100,	-1.087960,	-0.073970,	66.564583,	2.000000
-11.472108,	0.701958,	-0.219100,	-1.087960,	-0.061970,	68.662500,	2.000000
-12.460499,	0.592668,	-0.219100,	-1.087960,	-0.049970,	71.689583,	2.000000
-9.849230,	0.481729,	-0.219100,	-1.087960,	-0.037970,	74.872917,	2.000000
-5.741720,	0.373346,	-0.219100,	-1.087960,	-0.025970,	78.920833,	2.000000
-0.948604,	0.240349,	-0.219100,	-1.087960,	-0.013970,	76.947917,	3.000000
21.117642,	1.274066,	-0.219100,	-0.737960,	-0.133970,	58.393750,	2.000000
9.431184,	1.157765,	-0.219100,	-0.737960,	-0.121970,	60.164583,	2.000000
3.304536,	1.080753,	-0.219100,	-0.737960,	-0.109970,	61.562500,	2.000000
-2.077605,	0.983636,	-0.219100,	-0.737960,	-0.097970,	63.777083,	2.000000
-6.615907,	0.896148,	-0.219100,	-0.737960,	-0.085970,	65.462500,	2.000000
-10.077697,	0.800215,	-0.219100,	-0.737960,	-0.073970,	67.383333,	2.000000
-10.184709,	0.716968,	-0.219100,	-0.737960,	-0.061970,	69.208333,	2.000000
-10.420398,	0.621252,	-0.219100,	-0.737960,	-0.049970,	72.166667,	2.000000
-7.161328,	0.515188,	-0.219100,	-0.737960,	-0.037970,	75.508333,	2.000000
-4.121240,	0.407666,	-0.219100,	-0.737960,	-0.025970,	79.141667,	2.000000
0.152522,	0.251062,	-0.219100,	-0.737960,	-0.013970,	77.256250,	3.000000
24.260907,	1.373524,	-0.219100,	-0.387960,	-0.133970,	58.731250,	2.000000
16.847810,	1.285356,	-0.219100,	-0.387960,	-0.121970,	60.722917,	2.000000
8.873279,	1.191678,	-0.219100,	-0.387960,	-0.109970,	61.779167,	2.000000
0.414597,	1.049159,	-0.219100,	-0.387960,	-0.097970,	64.050000,	2.000000
-3.995921,	0.956667,	-0.219100,	-0.387960,	-0.085970,	66.172917,	2.000000
-6.432481,	0.850216,	-0.219100,	-0.387960,	-0.073970,	68.012500,	2.000000
-5.722571,	0.758140,	-0.219100,	-0.387960,	-0.061970,	70.518750,	2.000000
-7.003703,	0.658744,	-0.219100,	-0.387960,	-0.049970,	72.941667,	2.000000
-4.954319,	0.518876,	-0.219100,	-0.387960,	-0.037970,	76.006250,	2.000000
-1.685407,	0.415140,	-0.219100,	-0.387960,	-0.025970,	79.702083,	2.000000
0.802996,	0.246273,	-0.219100,	-0.387960,	-0.013970,	77.250000,	3.000000
128.674560,	2.131223,	-0.219100,	-0.037960,	-0.133970,	49.054167,	2.000000
101.234284,	1.970129,	-0.219100,	-0.037960,	-0.121970,	51.308333,	2.000000
69.002889,	1.733387,	-0.219100,	-0.037960,	-0.109970,	54.033333,	2.000000
48.730168,	1.593901,	-0.219100,	-0.037960,	-0.097970,	56.968750,	2.000000
27.563959,	1.414813,	-0.219100,	-0.037960,	-0.085970,	59.256250,	2.000000
11.475022,	1.237917,	-0.219100,	-0.037960,	-0.073970,	62.404167,	2.000000
1.266401,	1.059139,	-0.219100,	-0.037960,	-0.061970,	66.372917,	2.000000
-4.128607,	0.870174,	-0.219100,	-0.037960,	-0.049970,	70.547917,	2.000000
-4.594584,	0.682224,	-0.219100,	-0.037960,	-0.037970,	74.733333,	2.000000
-2.997491,	0.469568,	-0.219100,	-0.037960,	-0.025970,	75.320833,	2.500000
0.581537,	0.267390,	-0.219100,	-0.037960,	-0.013970,	78.977083,	3.000000
121.968620,	2.505782,	0.280900,	-3.537960,	-0.133970,	52.583333,	2.000000
94.372062,	2.302399,	0.280900,	-3.537960,	-0.121970,	54.985417,	2.000000
72.515799,	2.093763,	0.280900,	-3.537960,	-0.109970,	56.637500,	2.000000
54.244382,	1.922294,	0.280900,	-3.537960,	-0.097970,	59.035417,	2.000000
38.051935,	1.729301,	0.280900,	-3.537960,	-0.085970,	61.533333,	2.000000
23.052118,	1.500711,	0.280900,	-3.537960,	-0.073970,	64.720833,	2.000000
12.198613,	1.318752,	0.280900,	-3.537960,	-0.061970,	67.075000,	2.000000
7.127302,	1.147764,	0.280900,	-3.537960,	-0.049970,	70.383333,	2.000000
0.634165,	0.887662,	0.280900,	-3.537960,	-0.037970,	74.077083,	2.000000
-1.706366,	0.662248,	0.280900,	-3.537960,	-0.025970,	78.743750,	2.000000
1.169687,	0.440677,	0.280900,	-3.537960,	-0.013970,	76.658333,	3.000000
124.094560,	2.527366,	0.280900,	-3.187960,	-0.133970,	52.431250,	2.000000
101.214929,	2.318110,	0.280900,	-3.187960,	-0.121970,	54.552083,	2.000000
75.061674,	2.087250,	0.280900,	-3.187960,	-0.109970,	56.510417,	2.000000
55.115258,	1.934922,	0.280900,	-3.187960,	-0.097970,	59.031250,	2.000000
38.516622,	1.718510,	0.280900,	-3.187960,	-0.085970,	61.660417,	2.000000
23.417814,	1.517475,	0.280900,	-3.187960,	-0.073970,	64.443750,	2.000000
15.576499,	1.360055,	0.280900,	-3.187960,	-0.061970,	67.150000,	2.000000
5.758965,	1.137969,	0.280900,	-3.187960,	-0.049970,	70.493750,	2.000000
3.219494,	0.942359,	0.280900,	-3.187960,	-0.037970,	74.229167,	2.000000
0.135715,	0.709648,	0.280900,	-3.187960,	-0.025970,	79.054167,	2.000000
1.123473,	0.444551,	0.280900,	-3.187960,	-0.013970,	76.841667,	3.000000
127.883484,	2.528890,	0.280900,	-2.837960,	-0.133970,	52.016667,	2.000000
104.142787,	2.370343,	0.280900,	-2.837960,	-0.121970,	54.404167,	2.000000
80.053526,	2.140809,	0.280900,	-2.837960,	-0.109970,	56.856250,	2.000000
57.287981,	1.948469,	0.280900,	-2.837960,	-0.097970,	58.902083,	2.000000
39.353194,	1.741847,	0.280900,	-2.837960,	-0.085970,	61.233333,	2.000000
26.585537,	1.521823,	0.280900,	-2.837960,	-0.073970,	63.614583,	2.000000
15.322440,	1.356158,	0.280900,	-2.837960,	-0.061970,	67.239583,	2.000000
7.929673,	1.161317,	0.280900,	-2.837960,	-0.049970,	70.537500,	2.000000
3.415355,	0.938720,	0.280900,	-2.837960,	-0.037970,	74.168750,	2.000000
1.071390,	0.696399,	0.280900,	-2.837960,	-0.025970,	78.560417,	2.000000
1.647937,	0.455670,	0.280900,	-2.837960,	-0.013970,	76.427083,	3.000000
136.584511,	2.606644,	0.280900,	-2.487960,	-0.133970,	51.614583,	2.000000
109.991514,	2.363472,	0.280900,	-2.487960,	-0.121970,	54.410417,	2.000000
79.312613,	2.109658,	0.280900,	-2.487960,	-0.109970,	56.425000,	2.000000
64.057397,	2.013754,	0.280900,	-2.487960,	-0.097970,	58.460417,	2.000000
42.729664,	1.760234,	0.280900,	-2.487960,	-0.085970,	61.162500,	2.000000
26.790852,	1.544410,	0.280900,	-2.487960,	-0.073970,	63.872917,	2.000000
15.827253,	1.327896,	0.280900,	-2.487960,	-0.061970,	67.033333,	2.000000
5.424771,	1.126130,	0.280900,	-2.487960,	-0.049970,	70.202083,	2.000000
3.030902,	0.928336,	0.280900,	-2.487960,	-0.037970,	74.318750,	2.000000
1.943957,	0.732674,	0.280900,	-2.487960,	-0.025970,	78.722917,	2.000000
1.036262,	0.434899,	0.280900,	-2.487960,	-0.013970,	76.833333,	3.000000
138.919477,	2.581387,	0.280900,	-2.137960,	-0.133970,	51.583333,	2.000000
113.862702,	2.390450,	0.280900,	-2.137960,	-0.121970,	53.679167,	2.000000
88.285927,	2.179369,	0.280900,	-2.137960,	-0.109970,	55.779167,	2.000000
63.079512,	1.974435,	0.280900,	-2.137960,	-0.097970,	58.358333,	2.000000
46.691577,	1.795325,	0.280900,	-2.137960,	-0.085970,	60.870833,	2.000000
28.425479,	1.578018,	0.280900,	-2.137960,	-0.073970,	63.450000,	2.000000
17.106196,	1.350170,	0.280900,	-2.137960,	-0.061970,	66.789583,	2.000000
8.256621,	1.146335,	0.280900,	-2.137960,	-0.049970,	70.516667,	2.000000
4.075373,	0.954908,	0.280900,	-2.137960,	-0.037970,	74.193750,	2.000000
2.169251,	0.736502,	0.280900,	-2.137960,	-0.025970,	78.502083,	2.000000
1.305768,	0.439053,	0.280900,	-2.137960,	-0.013970,	76.470833,	3.000000
144.848976,	2.566897,	0.280900,	-1.787960,	-0.133970,	51.164583,	2.000000
121.181859,	2.431349,	0.280900,	-1.787960,	-0.121970,	53.054167,	2.000000
91.374412,	2.188001,	0.280900,	-1.787960,	-0.109970,	55.358333,	2.000000
67.166997,	1.953354,	0.280900,	-1.787960,	-0.097970,	57.808333,	2.000000
45.934370,	1.801502,	0.280900,	-1.787960,	-0.085970,	60.454167,	2.000000
30.123809,	1.571157,	0.280900,	-1.787960,	-0.073970,	63.362500,	2.000000
17.782981,	1.383516,	0.280900,	-1.787960,	-0.061970,	67.060417,	2.000000
10.351304,	1.178786,	0.280900,	-1.787960,	-0.049970,	70.150000,	2.000000
4.476569,	0.940510,	0.280900,	-1.787960,	-0.037970,	73.606250,	2.000000
1.474359,	0.711891,	0.280900,	-1.787960,	-0.025970,	78.691667,	2.000000
2.295164,	0.471472,	0.280900,	-1.787960,	-0.013970,	76.416667,	3.000000
151.037291,	2.571056,	0.280900,	-1.437960,	-0.133970,	50.489583,	2.000000
121.475198,	2.400231,	0.280900,	-1.437960,	-0.121970,	52.750000,	2.000000
94.594071,	2.193596,	0.280900,	-1.437960,	-0.109970,	54.816667,	2.000000
70.111775,	2.000213,	0.280900,	-1.437960,	-0.097970,	57.675000,	2.000000
50.188309,	1.796543,	0.280900,	-1.437960,	-0.085970,	59.985417,	2.000000
34.900407,	1.576053,	0.280900,	-1.437960,	-0.073970,	62.502083,	2.000000
16.719990,	1.337521,	0.280900,	-1.437960,	-0.061970,	65.906250,	2.000000
9.646252,	1.152658,	0.280900,	-1.437960,	-0.049970,	69.756250,	2.000000
3.823728,	0.935457,	0.280900,	-1.437960,	-0.037970,	73.593750,	2.000000
0.888664,	0.715175,	0.280900,	-1.437960,	-0.025970,	78.452083,	2.000000
1.639975,	0.436014,	0.280900,	-1.437960,	-0.013970,	76.472917,	3.000000
152.827863,	2.555967,	0.280900,	-1.087960,	-0.133970,	50.189583,	2.000000
118.083462,	2.322250,	0.280900,	-1.087960,	-0.121970,	52.108333,	2.000000
100.287544,	2.185785,	0.280900,	-1.087960,	-0.109970,	54.189583,	2.000000
72.279602,	1.964369,	0.280900,	-1.087960,	-0.097970,	57.210417,	2.000000
52.653157,	1.772902,	0.280900,	-1.087960,	-0.085970,	59.677083,	2.000000
35.693488,	1.611303,	0.280900,	-1.087960,	-0.073970,	62.562500,	2.000000
19.869257,	1.375070,	0.280900,	-1.087960,	-0.061970,	65.856250,	2.000000
10.255303,	1.156501,	0.280900,	-1.087960,	-0.049970,	69.204167,	2.000000
3.555359,	0.937147,	0.280900,	-1.087960,	-0.037970,	73.258333,	2.000000
2.160990,	0.723166,	0.280900,	-1.087960,	-0.025970,	77.852083,	2.000000
1.305821,	0.433688,	0.280900,	-1.087960,	-0.013970,	76.785417,	3.000000
144.029190,	2.413024,	0.280900,	-0.737960,	-0.133970,	49.933333,	2.000000
124.417508,	2.295160,	0.280900,	-0.737960,	-0.121970,	51.872917,	2.000000
92.711484,	2.095173,	0.280900,	-0.737960,	-0.109970,	53.985417,	2.000000
67.407398,	1.883662,	0.280900,	-0.737960,	-0.097970,	56.195833,	2.000000
49.395425,	1.714760,	0.280900,	-0.737960,	-0.085970,	58.856250,	2.000000
32.013105,	1.529450,	0.280900,	-0.737960,	-0.073970,	61.791667,	2.000000
17.413662,	1.318045,	0.280900,	-0.737960,	-0.061970,	65.066667,	2.000000
9.691797,	1.157544,	0.280900,	-0.737960,	-0.049970,	68.583333,	2.000000
1.231596,	0.905143,	0.280900,	-0.737960,	-0.037970,	72.689583,	2.000000
-0.617367,	0.668782,	0.280900,	-0.737960,	-0.025970,	77.618750,	2.000000
0.977843,	0.458869,	0.280900,	-0.737960,	-0.013970,	76.164583,	3.000000
114.491628,	2.138620,	0.280900,	-0.387960,	-0.133970,	50.708333,	2.000000
93.341088,	2.011766,	0.280900,	-0.387960,	-0.121970,	52.568750,	2.000000
75.986637,	1.863453,	0.280900,	-0.387960,	-0.109970,	54.562500,	2.000000
57.548761,	1.735623,	0.280900,	-0.387960,	-0.097970,	56.410417,	2.000000
39.529687,	1.569771,	0.280900,	-0.387960,	-0.085970,	58.637500,	2.000000
22.418585,	1.427476,	0.280900,	-0.387960,	-0.073970,	61.162500,	2.000000
11.128758,	1.215331,	0.280900,	-0.387960,	-0.061970,	64.389583,	2.000000
4.539097,	1.089908,	0.280900,	-0.387960,	-0.049970,	67.408333,	2.000000
-3.256404,	0.868133,	0.280900,	-0.387960,	-0.037970,	71.383333,	2.000000
-3.218993,	0.667386,	0.280900,	-0.387960,	-0.025970,	77.077083,	2.000000
-1.157031,	0.415429,	0.280900,	-0.387960,	-0.013970,	79.285417,	2.500000
27.165927,	1.450603,	0.280900,	-0.037960,	-0.133970,	59.968750,	2.000000
17.299369,	1.364948,	0.280900,	-0.037960,	-0.121970,	61.195833,	2.000000
11.190956,	1.229462,	0.280900,	-0.037960,	-0.109970,	62.618750,	2.000000
7.022111,	1.168140,	0.280900,	-0.037960,	-0.097970,	64.297917,	2.000000
3.071641,	1.093382,	0.280900,	-0.037960,	-0.085970,	65.489583,	2.000000
-3.005786,	0.970799,	0.280900,	-0.037960,	-0.073970,	67.439583,	2.000000
-4.567119,	0.880115,	0.280900,	-0.037960,	-0.061970,	69.883333,	2.000000
-5.039094,	0.790131,	0.280900,	-0.037960,	-0.049970,	72.262500,	2.000000
-5.760263,	0.650679,	0.280900,	-0.037960,	-0.037970,	74.656250,	2.000000
-4.042125,	0.555587,	0.280900,	-0.037960,	-0.025970,	78.268750,	2.000000
-2.014299,	0.376127,	0.280900,	-0.037960,	-0.013970,	78.872917,	2.500000
299.957854,	4.376505,	0.780900,	-3.537960,	-0.133970,	47.687500,	2.000000
244.042200,	3.986948,	0.780900,	-3.537960,	-0.121970,	50.079167,	2.000000
199.671113,	3.632781,	0.780900,	-3.537960,	-0.109970,	51.981250,	2.000000
164.272880,	3.335261,	0.780900,	-3.537960,	-0.097970,	55.725000,	2.000000
120.486508,	2.897635,	0.780900,	-3.537960,	-0.085970,	58.097917,	2.000000
90.716730,	2.563646,	0.780900,	-3.537960,	-0.073970,	61.504167,	2.000000
58.983851,	2.181869,	0.780900,	-3.537960,	-0.061970,	64.937500,	2.000000
36.788195,	1.821008,	0.780900,	-3.537960,	-0.049970,	68.714583,	2.000000
22.236077,	1.402786,	0.780900,	-3.537960,	-0.037970,	73.677083,	2.000000
10.898648,	1.052570,	0.780900,	-3.537960,	-0.025970,	77.745833,	2.000000
6.225510,	0.675975,	0.780900,	-3.537960,	-0.013970,	76.700000,	3.000000
314.855592,	4.415381,	0.780900,	-3.187960,	-0.133970,	46.414583,	2.000000
268.855739,	4.137622,	0.780900,	-3.187960,	-0.121970,	49.095833,	2.000000
218.535752,	3.740918,	0.780900,	-3.187960,	-0.109970,	52.056250,	2.000000
164.681610,	3.261892,	0.780900,	-3.187960,	-0.097970,	54.695833,	2.000000
127.481137,	2.933832,	0.780900,	-3.187960,	-0.085970,	58.218750,	2.000000
91.709483,	2.542260,	0.780900,	-3.187960,	-0.073970,	61.610417,	2.000000
64.139019,	2.175394,	0.780900,	-3.187960,	-0.061970,	64.647917,	2.000000
41.267234,	1.807253,	0.780900,	-3.187960,	-0.049970,	68.793750,	2.000000
22.550300,	1.410251,	0.780900,	-3.187960,	-0.037970,	72.845833,	2.000000
11.400512,	1.029992,	0.780900,	-3.187960,	-0.025970,	77.406250,	2.000000
6.530555,	0.658040,	0.780900,	-3.187960,	-0.013970,	79.816667,	2.500000
340.335855,	4.522616,	0.780900,	-2.837960,	-0.133970,	46.395833,	2.000000
281.485132,	4.112263,	0.780900,	-2.837960,	-0.121970,	48.456250,	2.000000
233.479519,	3.798274,	0.780900,	-2.837960,	-0.109970,	51.020833,	2.000000
182.175555,	3.395933,	0.780900,	-2.837960,	-0.097970,	54.168750,	2.000000
145.335541,	3.099839,	0.780900,	-2.837960,	-0.085970,	56.716667,	2.000000
99.568128,	2.648968,	0.780900,	-2.837960,	-0.073970,	60.937500,	2.000000
64.900475,	2.173613,	0.780900,	-2.837960,	-0.061970,	64.060417,	2.000000
42.743479,	1.842047,	0.780900,	-2.837960,	-0.049970,	68.077083,	2.000000
23.891914,	1.451394,	0.780900,	-2.837960,	-0.037970,	72.772917,	2.000000
15.797572,	1.132221,	0.780900,	-2.837960,	-0.025970,	77.391667,	2.000000
6.148624,	0.661201,	0.780900,	-2.837960,	-0.013970,	76.293750,	3.000000
360.517959,	4.544858,	0.780900,	-2.487960,	-0.133970,	45.458333,	2.000000
300.223602,	4.212287,	0.780900,	-2.487960,	-0.121970,	47.497917,	2.000000
251.502778,	3.888247,	0.780900,	-2.487960,	-0.109970,	49.610417,	2.000000
202.539676,	3.507509,	0.780900,	-2.487960,	-0.097970,	52.729167,	2.000000
146.429081,	3.077086,	0.780900,	-2.487960,	-0.085970,	56.168750,	2.000000
111.461693,	2.708615,	0.780900,	-2.487960,	-0.073970,	59.268750,	2.000000
75.526126,	2.276814,	0.780900,	-2.487960,	-0.061970,	63.208333,	2.000000
50.800152,	1.894639,	0.780900,	-2.487960,	-0.049970,	67.293750,	2.000000
26.689412,	1.452625,	0.780900,	-2.487960,	-0.037970,	72.450000,	2.000000
12.741172,	1.083918,	0.780900,	-2.487960,	-0.025970,	77.281250,	2.000000
5.819053,	0.644531,	0.780900,	-2.487960,	-0.013970,	75.989583,	3.000000
400.184009,	4.651131,	0.780900,	-2.137960,	-0.133970,	43.718750,	2.000000
333.267474,	4.335764,	0.780900,	-2.137960,	-0.121970,	46.777083,	2.000000
269.471845,	3.909784,	0.780900,	-2.137960,	-0.109970,	49.127083,	2.000000
211.108629,	3.548463,	0.780900,	-2.137960,	-0.097970,	51.993750,	2.000000
170.989203,	3.215441,	0.780900,	-2.137960,	-0.085970,	55.145833,	2.000000
116.166546,	2.717295,	0.780900,	-2.137960,	-0.073970,	58.841667,	2.000000
84.648625,	2.373827,	0.780900,	-2.137960,	-0.061970,	62.695833,	2.000000
55.154371,	1.947211,	0.780900,	-2.137960,	-0.049970,	67.141667,	2.000000
27.090348,	1.454144,	0.780900,	-2.137960,	-0.037970,	71.804167,	2.000000
16.714112,	1.080356,	0.780900,	-2.137960,	-0.025970,	77.179167,	2.000000
7.472978,	0.672866,	0.780900,	-2.137960,	-0.013970,	79.775000,	2.500000
393.747998,	4.497048,	0.780900,	-1.787960,	-0.133970,	42.437500,	2.000000
342.955172,	4.246371,	0.780900,	-1.787960,	-0.121970,	44.991667,	2.000000
286.423421,	3.903611,	0.780900,	-1.787960,	-0.109970,	48.116667,	2.000000
227.414777,	3.556397,	0.780900,	-1.787960,	-0.097970,	50.522917,	2.000000
176.257437,	3.177742,	0.780900,	-1.787960,	-0.085970,	54.197917,	2.000000
132.681486,	2.823645,	0.780900,	-1.787960,	-0.073970,	57.958333,	2.000000
88.583002,	2.382970,	0.780900,	-1.787960,	-0.061970,	61.762500,	2.000000
61.769944,	1.998552,	0.780900,	-1.787960,	-0.049970,	66.400000,	2.000000
33.145934,	1.542837,	0.780900,	-1.787960,	-0.037970,	71.095833,	2.000000
17.746277,	1.105081,	0.780900,	-1.787960,	-0.025970,	77.122917,	2.000000
6.135869,	0.650193,	0.780900,	-1.787960,	-0.013970,	79.289583,	2.500000
418.337134,	4.461171,	0.780900,	-1.437960,	-0.133970,	41.293750,	2.000000
353.120266,	4.078712,	0.780900,	-1.437960,	-0.121970,	43.625000,	2.000000
300.003239,	3.837196,	0.780900,	-1.437960,	-0.109970,	46.452083,	2.000000
245.699939,	3.586234,	0.780900,	-1.437960,	-0.097970,	49.127083,	2.000000
189.991939,	3.170736,	0.780900,	-1.437960,	-0.085970,	52.660417,	2.000000
138.514465,	2.782315,	0.780900,	-1.437960,	-0.073970,	55.952083,	2.000000
98.083833,	2.399074,	0.780900,	-1.437960,	-0.061970,	60.289583,	2.000000
65.317516,	1.989787,	0.780900,	-1.437960,	-0.049970,	65.193750,	2.000000
35.207263,	1.534167,	0.780900,	-1.437960,	-0.037970,	70.354167,	2.000000
18.057984,	1.132369,	0.780900,	-1.437960,	-0.025970,	76.081250,	2.000000
6.904492,	0.661793,	0.780900,	-1.437960,	-0.013970,	78.983333,	2.500000
403.856936,	4.110661,	0.780900,	-1.087960,	-0.133970,	41.031250,	2.000000
331.946770,	3.856948,	0.780900,	-1.087960,	-0.121970,	43.170833,	2.000000
305.198783,	3.752583,	0.780900,	-1.087960,	-0.109970,	44.750000,	2.000000
243.236036,	3.397924,	0.780900,	-1.087960,	-0.097970,	47.550000,	2.000000
205.581862,	3.195129,	0.780900,	-1.087960,	-0.085970,	50.485417,	2.000000
142.019036,	2.770128,	0.780900,	-1.087960,	-0.073970,	55.220833,	2.000000
101.947591,	2.326211,	0.780900,	-1.087960,	-0.061970,	58.350000,	2.000000
64.618169,	1.994913,	0.780900,	-1.087960,	-0.049970,	64.037500,	2.000000
34.607227,	1.496879,	0.780900,	-1.087960,	-0.037970,	68.952083,	2.000000
17.188235,	1.120812,	0.780900,	-1.087960,	-0.025970,	75.016667,	2.000000
7.113216,	0.671784,	0.780900,	-1.087960,	-0.013970,	78.879167,	2.500000
336.130532,	3.546011,	0.780900,	-0.737960,	-0.133970,	41.383333,	2.000000
299.737611,	3.404770,	0.780900,	-0.737960,	-0.121970,	43.429167,	2.000000
259.689444,	3.240797,	0.780900,	-0.737960,	-0.109970,	45.429167,	2.000000
215.679143,	3.013237,	0.780900,	-0.737960,	-0.097970,	47.914583,	2.000000
177.447649,	2.783890,	0.780900,	-0.737960,	-0.085970,	50.489583,	2.000000
140.061900,	2.582477,	0.780900,	-0.737960,	-0.073970,	53.516667,	2.000000
106.905372,	2.293362,	0.780900,	-0.737960,	-0.061970,	56.512500,	2.000000
65.757791,	1.953208,	0.780900,	-0.737960,	-0.049970,	61.197917,	2.000000
36.868918,	1.526582,	0.780900,	-0.737960,	-0.037970,	66.733333,	2.000000
17.015716,	1.116554,	0.780900,	-0.737960,	-0.025970,	73.631250,	2.000000
5.422847,	0.657817,	0.780900,	-0.737960,	-0.013970,	77.520833,	2.500000
211.261388,	2.714055,	0.780900,	-0.387960,	-0.133970,	45.835417,	2.000000
180.894619,	2.574508,	0.780900,	-0.387960,	-0.121970,	46.995833,	2.000000
157.125246,	2.466978,	0.780900,	-0.387960,	-0.109970,	48.443750,	2.000000
132.570802,	2.319473,	0.780900,	-0.387960,	-0.097970,	49.891667,	2.000000
110.093049,	2.203529,	0.780900,	-0.387960,	-0.085970,	52.268750,	2.000000
90.157365,	2.049801,	0.780900,	-0.387960,	-0.073970,	53.929167,	2.000000
66.618903,	1.856949,	0.780900,	-0.387960,	-0.061970,	56.791667,	2.000000
40.449715,	1.640095,	0.780900,	-0.387960,	-0.049970,	60.637500,	2.000000
22.922245,	1.378261,	0.780900,	-0.387960,	-0.037970,	64.747917,	2.000000
8.639454,	1.066710,	0.780900,	-0.387960,	-0.025970,	71.375000,	2.000000
1.394313,	0.630498,	0.780900,	-0.387960,	-0.013970,	75.725000,	2.500000
2.585383,	1.115243,	0.780900,	-0.037960,	-0.133970,	64.589583,	2.000000
1.782041,	1.093711,	0.780900,	-0.037960,	-0.121970,	65.360417,	2.000000
-1.230269,	1.033052,	0.780900,	-0.037960,	-0.109970,	66.406250,	2.000000
-2.746462,	0.980545,	0.780900,	-0.037960,	-0.097970,	67.487500,	2.000000
-4.133718,	0.926837,	0.780900,	-0.037960,	-0.085970,	68.625000,	2.000000
-7.594485,	0.842594,	0.780900,	-0.037960,	-0.073970,	69.677083,	2.000000
-6.422886,	0.810146,	0.780900,	-0.037960,	-0.061970,	71.314583,	2.000000
-6.651011,	0.735827,	0.780900,	-0.037960,	-0.049970,	72.652083,	2.000000
-5.106127,	0.669177,	0.780900,	-0.037960,	-0.037970,	74.685417,	2.000000
-4.590585,	0.575971,	0.780900,	-0.037960,	-0.025970,	77.400000,	2.000000
-3.393512,	0.445133,	0.780900,	-0.037960,	-0.013970,	75.995833,	2.500000
658.089098,	7.145082,	1.280900,	-3.537960,	-0.133970,	49.829167,	1.500000
552.065708,	6.520127,	1.280900,	-3.537960,	-0.121970,	42.129167,	2.000000
459.873819,	6.001397,	1.280900,	-3.537960,	-0.109970,	45.462500,	2.000000
365.568029,	5.458387,	1.280900,	-3.537960,	-0.097970,	49.633333,	2.000000
284.243072,	4.756054,	1.280900,	-3.537960,	-0.085970,	53.254167,	2.000000
217.824095,	4.224768,	1.280900,	-3.537960,	-0.073970,	57.402083,	2.000000
146.577405,	3.385241,	1.280900,	-3.537960,	-0.061970,	61.106250,	2.000000
98.462091,	2.766178,	1.280900,	-3.537960,	-0.049970,	66.245833,	2.000000
49.419918,	2.003330,	1.280900,	-3.537960,	-0.037970,	71.208333,	2.000000
29.855677,	1.511363,	1.280900,	-3.537960,	-0.025970,	76.645833,	2.000000
10.568678,	0.849694,	1.280900,	-3.537960,	-0.013970,	76.060417,	3.000000
695.275108,	7.158466,	1.280900,	-3.187960,	-0.133970,	49.595833,	1.500000
602.352297,	6.740416,	1.280900,	-3.187960,	-0.121970,	51.987500,	1.500000
489.750215,	6.174901,	1.280900,	-3.187960,	-0.109970,	44.066667,	2.000000
394.202682,	5.427037,	1.280900,	-3.187960,	-0.097970,	47.962500,	2.000000
320.409342,	5.053044,	1.280900,	-3.187960,	-0.085970,	52.189583,	2.000000
231.557195,	4.285873,	1.280900,	-3.187960,	-0.073970,	56.906250,	2.000000
159.500003,	3.531235,	1.280900,	-3.187960,	-0.061970,	60.256250,	2.000000
101.989634,	2.802181,	1.280900,	-3.187960,	-0.049970,	65.431250,	2.000000
56.922587,	2.037111,	1.280900,	-3.187960,	-0.037970,	70.841667,	2.000000
29.739162,	1.462323,	1.280900,	-3.187960,	-0.025970,	75.966667,	2.000000
14.529697,	0.996226,	1.280900,	-3.187960,	-0.013970,	79.612500,	2.500000
736.696651,	7.152620,	1.280900,	-2.837960,	-0.133970,	47.341667,	1.500000
624.362944,	6.667822,	1.280900,	-2.837960,	-0.121970,	40.227083,	2.000000
528.951494,	6.201927,	1.280900,	-2.837960,	-0.109970,	43.318750,	2.000000
451.636861,	5.853897,	1.280900,	-2.837960,	-0.097970,	46.235417,	2.000000
347.472964,	5.140831,	1.280900,	-2.837960,	-0.085970,	52.089583,	2.000000
270.516762,	4.530415,	1.280900,	-2.837960,	-0.073970,	54.260417,	2.000000
174.795871,	3.570550,	1.280900,	-2.837960,	-0.061970,	59.354167,	2.000000
113.463400,	2.960815,	1.280900,	-2.837960,	-0.049970,	65.120833,	2.000000
65.461166,	2.172587,	1.280900,	-2.837960,	-0.037970,	70.204167,	2.000000
33.976523,	1.542800,	1.280900,	-2.837960,	-0.025970,	76.081250,	2.000000
12.476259,	0.900935,	1.280900,	-2.837960,	-0.013970,	79.633333,	2.500000
799.325613,	7.147711,	1.280900,	-2.487960,	-0.133970,	46.512500,	1.500000
712.805533,	6.768449,	1.280900,	-2.487960,	-0.121970,	39.479167,	2.000000
577.490089,	6.342353,	1.280900,	-2.487960,	-0.109970,	41.395833,	2.000000
482.746342,	5.799121,	1.280900,	-2.487960,	-0.097970,	44.818750,	2.000000
373.518166,	5.142713,	1.280900,	-2.487960,	-0.085970,	48.429167,	2.000000
285.524868,	4.557692,	1.280900,	-2.487960,	-0.073970,	53.760417,	2.000000
198.167443,	3.855469,	1.280900,	-2.487960,	-0.061970,	59.241667,	2.000000
123.070046,	3.060267,	1.280900,	-2.487960,	-0.049970,	63.970833,	2.000000
74.330547,	2.288209,	1.280900,	-2.487960,	-0.037970,	69.541667,	2.000000
33.814141,	1.529058,	1.280900,	-2.487960,	-0.025970,	75.633333,	2.000000
12.129021,	0.879588,	1.280900,	-2.487960,	-0.013970,	79.539583,	2.500000
818.185852,	6.903686,	1.280900,	-2.137960,	-0.133970,	45.166667,	1.500000
719.980156,	6.576135,	1.280900,	-2.137960,	-0.121970,	47.556250,	1.500000
628.259055,	6.251667,	1.280900,	-2.137960,	-0.109970,	39.591667,	2.000000
515.865879,	5.811385,	1.280900,	-2.137960,	-0.097970,	42.504167,	2.000000
412.535820,	5.251128,	1.280900,	-2.137960,	-0.085970,	46.522917,	2.000000
312.083374,	4.614887,	1.280900,	-2.137960,	-0.073970,	52.137500,	2.000000
214.785152,	3.828165,	1.280900,	-2.137960,	-0.061970,	56.739583,	2.000000
148.629437,	3.184173,	1.280900,	-2.137960,	-0.049970,	61.881250,	2.000000
84.227238,	2.350253,	1.280900,	-2.137960,	-0.037970,	68.568750,	2.000000
43.865453,	1.729179,	1.280900,	-2.137960,	-0.025970,	75.364583,	2.000000
15.400581,	0.948445,	1.280900,	-2.137960,	-0.013970,	78.985417,	2.500000
823.691763,	6.533755,	1.280900,	-1.787960,	-0.133970,	44.004167,	1.500000
732.563544,	6.307807,	1.280900,	-1.787960,	-0.121970,	45.650000,	1.500000
629.316992,	5.962223,	1.280900,	-1.787960,	-0.109970,	47.900000,	1.500000
551.209210,	5.638476,	1.280900,	-1.787960,	-0.097970,	40.708333,	2.000000
437.740633,	5.210582,	1.280900,	-1.787960,	-0.085970,	45.208333,	2.000000
343.789949,	4.627092,	1.280900,	-1.787960,	-0.073970,	49.310417,	2.000000
246.788775,	3.969861,	1.280900,	-1.787960,	-0.061970,	54.227083,	2.000000
157.414535,	3.218005,	1.280900,	-1.787960,	-0.049970,	60.393750,	2.000000
95.969470,	2.538676,	1.280900,	-1.787960,	-0.037970,	67.235417,	2.000000
41.032228,	1.574896,	1.280900,	-1.787960,	-0.025970,	74.133333,	2.000000
14.542889,	0.898789,	1.280900,	-1.787960,	-0.013970,	78.445833,	2.500000
787.712131,	6.027178,	1.280900,	-1.437960,	-0.133970,	43.810417,	1.500000
702.253643,	5.819539,	1.280900,	-1.437960,	-0.121970,	45.668750,	1.500000
635.257520,	5.641575,	1.280900,	-1.437960,	-0.109970,	49.277083,	1.500000
556.877499,	5.412441,	1.280900,	-1.437960,	-0.097970,	40.052083,	2.000000
462.754660,	5.018806,	1.280900,	-1.437960,	-0.085970,	42.614583,	2.000000
372.816790,	4.585941,	1.280900,	-1.437960,	-0.073970,	47.247917,	2.000000
268.181670,	3.952929,	1.280900,	-1.437960,	-0.061970,	51.850000,	2.000000
174.041958,	3.286200,	1.280900,	-1.437960,	-0.049970,	58.758333,	2.000000
106.105208,	2.527448,	1.280900,	-1.437960,	-0.037970,	65.206250,	2.000000
48.694951,	1.691628,	1.280900,	-1.437960,	-0.025970,	72.587500,	2.000000
14.931051,	0.902849,	1.280900,	-1.437960,	-0.013970,	77.839583,	2.500000
701.045735,	5.317971,	1.280900,	-1.087960,	-0.133970,	45.685417,	1.500000
630.662962,	5.121347,	1.280900,	-1.087960,	-0.121970,	46.097917,	1.500000
588.955709,	5.057710,	1.280900,	-1.087960,	-0.109970,	48.072917,	1.500000
521.345276,	4.846144,	1.280900,	-1.087960,	-0.097970,	50.708333,	1.500000
433.791755,	4.565595,	1.280900,	-1.087960,	-0.085970,	41.966667,	2.000000
369.481225,	4.282354,	1.280900,	-1.087960,	-0.073970,	44.450000,	2.000000
274.644156,	3.800086,	1.280900,	-1.087960,	-0.061970,	48.810417,	2.000000
198.001845,	3.296273,	1.280900,	-1.087960,	-0.049970,	55.112500,	2.000000
115.144616,	2.561826,	1.280900,	-1.087960,	-0.037970,	62.656250,	2.000000
55.859507,	1.751646,	1.280900,	-1.087960,	-0.025970,	70.562500,	2.000000
19.424390,	0.989324,	1.280900,	-1.087960,	-0.013970,	76.387500,	2.500000
513.419379,	4.318010,	1.280900,	-0.737960,	-0.133970,	47.750000,	1.500000
487.834355,	4.252402,	1.280900,	-0.737960,	-0.121970,	49.068750,	1.500000
442.397544,	4.138854,	1.280900,	-0.737960,	-0.109970,	50.175000,	1.500000
407.585167,	3.988808,	1.280900,	-0.737960,	-0.097970,	40.160417,	2.000000
362.694385,	3.836769,	1.280900,	-0.737960,	-0.085970,	41.937500,	2.000000
296.477674,	3.552726,	1.280900,	-0.737960,	-0.073970,	44.835417,	2.000000
236.879866,	3.287793,	1.280900,	-0.737960,	-0.061970,	47.450000,	2.000000
188.420894,	3.012921,	1.280900,	-0.737960,	-0.049970,	52.931250,	2.000000
121.867658,	2.489156,	1.280900,	-0.737960,	-0.037970,	58.531250,	2.000000
59.492676,	1.823550,	1.280900,	-0.737960,	-0.025970,	67.812500,	2.000000
18.316167,	0.993189,	1.280900,	-0.737960,	-0.013970,	79.231250,	2.000000
275.211782,	3.027414,	1.280900,	-0.387960,	-0.133970,	42.335417,	2.000000
259.881965,	3.008194,	1.280900,	-0.387960,	-0.121970,	43.631250,	2.000000
234.264301,	2.886634,	1.280900,	-0.387960,	-0.109970,	44.477083,	2.000000
210.028865,	2.753635,	1.280900,	-0.387960,	-0.097970,	45.877083,	2.000000
188.234410,	2.663376,	1.280900,	-0.387960,	-0.085970,	47.562500,	2.000000
158.836221,	2.526356,	1.280900,	-0.387960,	-0.073970,	49.412500,	2.000000
135.078969,	2.383865,	1.280900,	-0.387960,	-0.061970,	50.891667,	2.000000
105.893565,	2.180511,	1.280900,	-0.387960,	-0.049970,	53.418750,	2.000000
75.286041,	1.970101,	1.280900,	-0.387960,	-0.037970,	57.045833,	2.000000
41.754348,	1.636263,	1.280900,	-0.387960,	-0.025970,	63.425000,	2.000000
12.227532,	0.981809,	1.280900,	-0.387960,	-0.013970,	75.570833,	2.000000
-1.387333,	1.018964,	1.280900,	-0.037960,	-0.133970,	67.481250,	2.000000
-2.894510,	0.974826,	1.280900,	-0.037960,	-0.121970,	68.120833,	2.000000
-3.254368,	0.945269,	1.280900,	-0.037960,	-0.109970,	68.556250,	2.000000
-5.019478,	0.911462,	1.280900,	-0.037960,	-0.097970,	69.639583,	2.000000
-3.638875,	0.898420,	1.280900,	-0.037960,	-0.085970,	70.439583,	2.000000
-6.188950,	0.842146,	1.280900,	-0.037960,	-0.073970,	70.789583,	2.000000
-5.702065,	0.795436,	1.280900,	-0.037960,	-0.061970,	71.975000,	2.000000
-6.065696,	0.734338,	1.280900,	-0.037960,	-0.049970,	73.591667,	2.000000
-4.667051,	0.673854,	1.280900,	-0.037960,	-0.037970,	74.293750,	2.000000
-4.220279,	0.601972,	1.280900,	-0.037960,	-0.025970,	76.425000,	2.000000
-2.788602,	0.515654,	1.280900,	-0.037960,	-0.013970,	79.629167,	2.000000
1268.656385,	10.270587,	1.780900,	-3.537960,	-0.133970,	39.943750,	1.500000
1143.637246,	9.887045,	1.780900,	-3.537960,	-0.121970,	42.922917,	1.500000
957.001204,	9.281888,	1.780900,	-3.537960,	-0.109970,	47.531250,	1.500000
784.097863,	8.504517,	1.780900,	-3.537960,	-0.097970,	51.543750,	1.500000
585.231020,	7.355975,	1.780900,	-3.537960,	-0.085970,	45.502083,	2.000000
452.229023,	6.638397,	1.780900,	-3.537960,	-0.073970,	52.397917,	2.000000
313.078941,	5.423011,	1.780900,	-3.537960,	-0.061970,	55.587500,	2.000000
197.939771,	4.209195,	1.780900,	-3.537960,	-0.049970,	62.702083,	2.000000
111.582131,	2.998620,	1.780900,	-3.537960,	-0.037970,	68.997917,	2.000000
50.712212,	1.990796,	1.780900,	-3.537960,	-0.025970,	74.993750,	2.000000
22.242894,	1.294670,	1.780900,	-3.537960,	-0.013970,	78.904167,	2.500000
1344.382057,	10.046753,	1.780900,	-3.187960,	-0.133970,	53.472917,	1.000000
1199.154457,	9.750483,	1.780900,	-3.187960,	-0.121970,	40.829167,	1.500000
1014.733697,	9.215721,	1.780900,	-3.187960,	-0.109970,	45.739583,	1.500000
849.817751,	8.582131,	1.780900,	-3.187960,	-0.097970,	48.658333,	1.500000
702.489169,	7.992302,	1.780900,	-3.187960,	-0.085970,	43.545833,	2.000000
507.529499,	6.801585,	1.780900,	-3.187960,	-0.073970,	48.327083,	2.000000
362.816054,	5.793668,	1.780900,	-3.187960,	-0.061970,	54.222917,	2.000000
220.586661,	4.395471,	1.780900,	-3.187960,	-0.049970,	60.541667,	2.000000
129.093437,	3.346525,	1.780900,	-3.187960,	-0.037970,	68.193750,	2.000000
58.045689,	2.037620,	1.780900,	-3.187960,	-0.025970,	74.885417,	2.000000
19.567241,	1.144979,	1.780900,	-3.187960,	-0.013970,	78.745833,	2.500000
1368.876684,	9.654418,	1.780900,	-2.837960,	-0.133970,	51.177083,	1.000000
1234.849966,	9.430247,	1.780900,	-2.837960,	-0.121970,	40.404167,	1.500000
1080.004684,	8.997217,	1.780900,	-2.837960,	-0.109970,	43.908333,	1.500000
936.626310,	8.531744,	1.780900,	-2.837960,	-0.097970,	44.989583,	1.500000
730.695093,	7.844273,	1.780900,	-2.837960,	-0.085970,	40.504167,	2.000000
569.003634,	7.004619,	1.780900,	-2.837960,	-0.073970,	45.802083,	2.000000
378.889883,	5.662135,	1.780900,	-2.837960,	-0.061970,	53.889583,	2.000000
253.043009,	4.668124,	1.780900,	-2.837960,	-0.049970,	60.243750,	2.000000
140.275466,	3.325158,	1.780900,	-2.837960,	-0.037970,	67.025000,	2.000000
64.783312,	2.194097,	1.780900,	-2.837960,	-0.025970,	73.862500,	2.000000
23.837559,	1.218563,	1.780900,	-2.837960,	-0.013970,	78.260417,	2.500000
1376.247829,	9.124725,	1.780900,	-2.487960,	-0.133970,	51.233333,	1.000000
1265.642881,	9.045758,	1.780900,	-2.487960,	-0.121970,	54.195833,	1.000000
1139.802753,	8.748238,	1.780900,	-2.487960,	-0.109970,	41.097917,	1.500000
941.637011,	8.297812,	1.780900,	-2.487960,	-0.097970,	43.706250,	1.500000
797.179875,	7.815630,	1.780900,	-2.487960,	-0.085970,	50.606250,	1.500000
604.549907,	6.893606,	1.780900,	-2.487960,	-0.073970,	44.072917,	2.000000
447.182512,	6.128715,	1.780900,	-2.487960,	-0.061970,	50.316667,	2.000000
311.777458,	5.130864,	1.780900,	-2.487960,	-0.049970,	57.675000,	2.000000
165.513842,	3.570419,	1.780900,	-2.487960,	-0.037970,	65.197917,	2.000000
72.793778,	2.276118,	1.780900,	-2.487960,	-0.025970,	72.937500,	2.000000
23.691890,	1.172709,	1.780900,	-2.487960,	-0.013970,	78.043750,	2.500000
1334.988286,	8.528060,	1.780900,	-2.137960,	-0.133970,	51.218750,	1.000000
1247.309966,	8.493564,	1.780900,	-2.137960,	-0.121970,	52.412500,	1.000000
1155.759980,	8.298472,	1.780900,	-2.137960,	-0.109970,	55.645833,	1.000000
998.761122,	7.985583,	1.780900,	-2.137960,	-0.097970,	43.247917,	1.500000
851.769398,	7.615610,	1.780900,	-2.137960,	-0.085970,	47.179167,	1.500000
682.454818,	7.007652,	1.780900,	-2.137960,	-0.073970,	40.287500,	2.000000
494.298293,	6.109339,	1.780900,	-2.137960,	-0.061970,	48.660417,	2.000000
341.556855,	5.193233,	1.780900,	-2.137960,	-0.049970,	56.110417,	2.000000
190.491429,	3.730106,	1.780900,	-2.137960,	-0.037970,	63.372917,	2.000000
82.554207,	2.367235,	1.780900,	-2.137960,	-0.025970,	71.583333,	2.000000
28.222655,	1.252009,	1.780900,	-2.137960,	-0.013970,	77.614583,	2.500000
1278.710244,	7.907974,	1.780900,	-1.787960,	-0.133970,	52.006250,	1.000000
1209.651856,	7.834218,	1.780900,	-1.787960,	-0.121970,	53.416667,	1.000000
1110.521194,	7.735005,	1.780900,	-1.787960,	-0.109970,	55.268750,	1.000000
997.642936,	7.516053,	1.780900,	-1.787960,	-0.097970,	40.885417,	1.500000
890.396112,	7.282097,	1.780900,	-1.787960,	-0.085970,	45.945833,	1.500000
698.626120,	6.666145,	1.780900,	-1.787960,	-0.073970,	40.297917,	2.000000
554.458405,	6.154091,	1.780900,	-1.787960,	-0.061970,	44.389583,	2.000000
392.254801,	5.244838,	1.780900,	-1.787960,	-0.049970,	51.647917,	2.000000
241.077215,	4.132794,	1.780900,	-1.787960,	-0.037970,	61.710417,	2.000000
98.362692,	2.503964,	1.780900,	-1.787960,	-0.025970,	70.787500,	2.000000
29.884062,	1.288763,	1.780900,	-1.787960,	-0.013970,	77.102083,	2.500000
1140.619385,	7.009170,	1.780900,	-1.437960,	-0.133970,	53.766667,	1.000000
1110.071368,	7.045804,	1.780900,	-1.437960,	-0.121970,	55.422917,	1.000000
1002.232819,	6.814868,	1.780900,	-1.437960,	-0.109970,	56.233333,	1.000000
936.621554,	6.780339,	1.780900,	-1.437960,	-0.097970,	42.020833,	1.500000
837.207007,	6.576895,	1.780900,	-1.437960,	-0.085970,	43.558333,	1.500000
711.468276,	6.260603,	1.780900,	-1.437960,	-0.073970,	47.818750,	1.500000
595.045627,	5.891550,	1.780900,	-1.437960,	-0.061970,	41.866667,	2.000000
426.323785,	5.150942,	1.780900,	-1.437960,	-0.049970,	48.145833,	2.000000
262.929248,	4.135110,	1.780900,	-1.437960,	-0.037970,	58.177083,	2.000000
125.667193,	2.898620,	1.780900,	-1.437960,	-0.025970,	68.993750,	2.000000
32.974555,	1.317755,	1.780900,	-1.437960,	-0.013970,	79.645833,	2.000000
967.362283,	6.118220,	1.780900,	-1.087960,	-0.133970,	56.041667,	1.000000
910.701540,	6.011285,	1.780900,	-1.087960,	-0.121970,	40.758333,	1.500000
857.052617,	5.943926,	1.780900,	-1.087960,	-0.109970,	41.772917,	1.500000
801.866323,	5.816130,	1.780900,	-1.087960,	-0.097970,	43.314583,	1.500000
711.642976,	5.641494,	1.780900,	-1.087960,	-0.085970,	45.679167,	1.500000
643.908903,	5.461312,	1.780900,	-1.087960,	-0.073970,	47.018750,	1.500000
558.626890,	5.261892,	1.780900,	-1.087960,	-0.061970,	39.493750,	2.000000
423.966253,	4.694008,	1.780900,	-1.087960,	-0.049970,	44.295833,	2.000000
300.606575,	4.086099,	1.780900,	-1.087960,	-0.037970,	53.677083,	2.000000
146.979543,	2.918031,	1.780900,	-1.087960,	-0.025970,	63.600000,	2.000000
38.730326,	1.417895,	1.780900,	-1.087960,	-0.013970,	78.637500,	2.000000
671.588892,	4.797228,	1.780900,	-0.737960,	-0.133970,	44.664583,	1.500000
648.897253,	4.779381,	1.780900,	-0.737960,	-0.121970,	45.347917,	1.500000
602.815909,	4.642485,	1.780900,	-0.737960,	-0.109970,	46.266667,	1.500000
569.055090,	4.591662,	1.780900,	-0.737960,	-0.097970,	46.722917,	1.500000
530.692697,	4.512763,	1.780900,	-0.737960,	-0.085970,	48.639583,	1.500000
489.595419,	4.438154,	1.780900,	-0.737960,	-0.073970,	50.700000,	1.500000
429.691159,	4.251348,	1.780900,	-0.737960,	-0.061970,	40.414583,	2.000000
364.867060,	3.973257,	1.780900,	-0.737960,	-0.049970,	44.006250,	2.000000
260.161850,	3.486490,	1.780900,	-0.737960,	-0.037970,	48.443750,	2.000000
174.559606,	2.981843,	1.780900,	-0.737960,	-0.025970,	58.281250,	2.000000
42.582290,	1.511471,	1.780900,	-0.737960,	-0.013970,	75.160417,	2.000000
335.881512,	3.294565,	1.780900,	-0.387960,	-0.133970,	40.770833,	2.000000
313.988320,	3.232462,	1.780900,	-0.387960,	-0.121970,	41.525000,	2.000000
292.756419,	3.099808,	1.780900,	-0.387960,	-0.109970,	42.112500,	2.000000
269.308997,	3.070940,	1.780900,	-0.387960,	-0.097970,	43.233333,	2.000000
248.197724,	2.944698,	1.780900,	-0.387960,	-0.085970,	44.441667,	2.000000
221.165887,	2.841292,	1.780900,	-0.387960,	-0.073970,	45.658333,	2.000000
200.841028,	2.772532,	1.780900,	-0.387960,	-0.061970,	47.104167,	2.000000
169.832701,	2.584880,	1.780900,	-0.387960,	-0.049970,	48.941667,	2.000000
143.111294,	2.455882,	1.780900,	-0.387960,	-0.037970,	51.941667,	2.000000
96.586710,	2.154418,	1.780900,	-0.387960,	-0.025970,	55.989583,	2.000000
42.692914,	1.525076,	1.780900,	-0.387960,	-0.013970,	67.733333,	2.000000
-3.298258,	0.958342,	1.780900,	-0.037960,	-0.133970,	68.947917,	2.000000
-4.960520,	0.902568,	1.780900,	-0.037960,	-0.121970,	69.760417,	2.000000
-5.351739,	0.892984,	1.780900,	-0.037960,	-0.109970,	69.720833,	2.000000
-5.400464,	0.855225,	1.780900,	-0.037960,	-0.097970,	70.281250,	2.000000
-6.387167,	0.809913,	1.780900,	-0.037960,	-0.085970,	70.981250,	2.000000
-5.538070,	0.810913,	1.780900,	-0.037960,	-0.073970,	71.650000,	2.000000
-6.523704,	0.774472,	1.780900,	-0.037960,	-0.061970,	72.431250,	2.000000
-6.218045,	0.710367,	1.780900,	-0.037960,	-0.049970,	73.360417,	2.000000
-6.608403,	0.662509,	1.780900,	-0.037960,	-0.037970,	74.383333,	2.000000
-4.983900,	0.608417,	1.780900,	-0.037960,	-0.025970,	76.739583,	2.000000
-3.770684,	0.531119,	1.780900,	-0.037960,	-0.013970,	78.935417,	2.000000
2055.835574,	12.388696,	2.280900,	-3.537960,	-0.133970,	45.279167,	1.000000
1872.446261,	12.266590,	2.280900,	-3.537960,	-0.121970,	47.654167,	1.000000
1726.240785,	12.032867,	2.280900,	-3.537960,	-0.109970,	51.168750,	1.000000
1438.919164,	11.533962,	2.280900,	-3.537960,	-0.097970,	51.452083,	1.000000
1220.278698,	10.985625,	2.280900,	-3.537960,	-0.085970,	44.316667,	1.500000
927.260175,	9.828165,	2.280900,	-3.537960,	-0.073970,	42.872917,	2.000000
639.468516,	8.304981,	2.280900,	-3.537960,	-0.061970,	49.820833,	2.000000
408.846956,	6.673983,	2.280900,	-3.537960,	-0.049970,	54.760417,	2.000000
229.206441,	4.895301,	2.280900,	-3.537960,	-0.037970,	63.000000,	2.000000
92.819633,	2.788777,	2.280900,	-3.537960,	-0.025970,	73.762500,	2.000000
34.740002,	1.555044,	2.280900,	-3.537960,	-0.013970,	78.389583,	2.500000
2106.307616,	11.802696,	2.280900,	-3.187960,	-0.133970,	43.045833,	1.000000
1886.082629,	11.712649,	2.280900,	-3.187960,	-0.121970,	46.239583,	1.000000
1762.595743,	11.552727,	2.280900,	-3.187960,	-0.109970,	48.941667,	1.000000
1525.186398,	11.187501,	2.280900,	-3.187960,	-0.097970,	51.389583,	1.000000
1263.190790,	10.578155,	2.280900,	-3.187960,	-0.085970,	41.735417,	1.500000
1020.509458,	9.868520,	2.280900,	-3.187960,	-0.073970,	48.625000,	1.500000
727.594536,	8.621632,	2.280900,	-3.187960,	-0.061970,	45.552083,	2.000000
472.914944,	7.015858,	2.280900,	-3.187960,	-0.049970,	56.377083,	2.000000
248.517091,	4.933894,	2.280900,	-3.187960,	-0.037970,	64.233333,	2.000000
103.349263,	2.908090,	2.280900,	-3.187960,	-0.025970,	73.222917,	2.000000
32.896330,	1.508105,	2.280900,	-3.187960,	-0.013970,	78.177083,	2.500000
2059.219668,	10.966973,	2.280900,	-2.837960,	-0.133970,	42.918750,	1.000000
1942.208070,	10.946733,	2.280900,	-2.837960,	-0.121970,	45.302083,	1.000000
1745.257806,	10.919016,	2.280900,	-2.837960,	-0.109970,	47.862500,	1.000000
1579.147726,	10.684165,	2.280900,	-2.837960,	-0.097970,	48.950000,	1.000000
1377.761303,	10.568827,	2.280900,	-2.837960,	-0.085970,	39.243750,	1.500000
1119.977522,	9.940527,	2.280900,	-2.837960,	-0.073970,	44.081250,	1.500000
796.854098,	8.695539,	2.280900,	-2.837960,	-0.061970,	44.493750,	2.000000
573.396377,	7.409633,	2.280900,	-2.837960,	-0.049970,	52.110417,	2.000000
302.453366,	5.414869,	2.280900,	-2.837960,	-0.037970,	61.564583,	2.000000
117.251946,	3.088042,	2.280900,	-2.837960,	-0.025970,	69.885417,	2.000000
38.623819,	1.577062,	2.280900,	-2.837960,	-0.013970,	77.472917,	2.500000
1924.576969,	10.269333,	2.280900,	-2.487960,	-0.133970,	44.629167,	1.000000
1852.466556,	10.181214,	2.280900,	-2.487960,	-0.121970,	46.527083,	1.000000
1776.737096,	10.340811,	2.280900,	-2.487960,	-0.109970,	48.139583,	1.000000
1542.500174,	10.006212,	2.280900,	-2.487960,	-0.097970,	49.527083,	1.000000
1371.999026,	9.818054,	2.280900,	-2.487960,	-0.085970,	52.531250,	1.000000
1198.375402,	9.556561,	2.280900,	-2.487960,	-0.073970,	43.833333,	1.500000
894.671087,	8.736682,	2.280900,	-2.487960,	-0.061970,	42.337500,	2.000000
643.322450,	7.648862,	2.280900,	-2.487960,	-0.049970,	50.270833,	2.000000
346.586737,	5.571201,	2.280900,	-2.487960,	-0.037970,	59.772917,	2.000000
147.807649,	3.488691,	2.280900,	-2.487960,	-0.025970,	69.052083,	2.000000
43.204594,	1.665768,	2.280900,	-2.487960,	-0.013970,	77.447917,	2.500000
1820.864475,	9.346710,	2.280900,	-2.137960,	-0.133970,	45.506250,	1.000000
1762.281167,	9.477693,	2.280900,	-2.137960,	-0.121970,	45.875000,	1.000000
1650.815596,	9.373243,	2.280900,	-2.137960,	-0.109970,	48.191667,	1.000000
1528.337533,	9.298809,	2.280900,	-2.137960,	-0.097970,	50.160417,	1.000000
1398.773032,	9.148032,	2.280900,	-2.137960,	-0.085970,	52.518750,	1.000000
1206.151468,	8.953433,	2.280900,	-2.137960,	-0.073970,	55.429167,	1.000000
952.263567,	8.389979,	2.280900,	-2.137960,	-0.061970,	38.535417,	2.000000
698.003402,	7.553905,	2.280900,	-2.137960,	-0.049970,	46.827083,	2.000000
419.448338,	6.039587,	2.280900,	-2.137960,	-0.037970,	55.193750,	2.000000
163.261498,	3.587269,	2.280900,	-2.137960,	-0.025970,	68.116667,	2.000000
47.572179,	1.719229,	2.280900,	-2.137960,	-0.013970,	75.735417,	2.500000
1670.661030,	8.530692,	2.280900,	-1.787960,	-0.133970,	47.631250,	1.000000
1609.727713,	8.528109,	2.280900,	-1.787960,	-0.121970,	47.668750,	1.000000
1505.673192,	8.485382,	2.280900,	-1.787960,	-0.109970,	48.658333,	1.000000
1424.208185,	8.442263,	2.280900,	-1.787960,	-0.097970,	51.110417,	1.000000
1333.472981,	8.334335,	2.280900,	-1.787960,	-0.085970,	52.518750,	1.000000
1199.612240,	8.268558,	2.280900,	-1.787960,	-0.073970,	53.979167,	1.000000
1005.427485,	7.944436,	2.280900,	-1.787960,	-0.061970,	43.864583,	1.500000
789.368787,	7.403011,	2.280900,	-1.787960,	-0.049970,	40.370833,	2.000000
497.933226,	6.117308,	2.280900,	-1.787960,	-0.037970,	51.025000,	2.000000
225.288207,	4.130693,	2.280900,	-1.787960,	-0.025970,	64.860417,	2.000000
51.344759,	1.740371,	2.280900,	-1.787960,	-0.013970,	77.620833,	2.000000
1440.642286,	7.515410,	2.280900,	-1.437960,	-0.133970,	49.268750,	1.000000
1382.983013,	7.522420,	2.280900,	-1.437960,	-0.121970,	49.441667,	1.000000
1330.567154,	7.513538,	2.280900,	-1.437960,	-0.109970,	51.566667,	1.000000
1259.767108,	7.450091,	2.280900,	-1.437960,	-0.097970,	52.210417,	1.000000
1185.023618,	7.443602,	2.280900,	-1.437960,	-0.085970,	52.912500,	1.000000
1096.667898,	7.307547,	2.280900,	-1.437960,	-0.073970,	41.068750,	1.500000
939.901281,	7.100098,	2.280900,	-1.437960,	-0.061970,	42.712500,	1.500000
794.853829,	6.898024,	2.280900,	-1.437960,	-0.049970,	48.872917,	1.500000
578.022397,	6.114631,	2.280900,	-1.437960,	-0.037970,	45.222917,	2.000000
288.041255,	4.500081,	2.280900,	-1.437960,	-0.025970,	61.945833,	2.000000
82.943081,	2.342294,	2.280900,	-1.437960,	-0.013970,	78.241667,	2.000000
1146.460126,	6.471783,	2.280900,	-1.087960,	-0.133970,	53.127083,	1.000000
1113.436423,	6.412075,	2.280900,	-1.087960,	-0.121970,	53.106250,	1.000000
1081.460967,	6.407587,	2.280900,	-1.087960,	-0.109970,	54.497917,	1.000000
1012.625081,	6.326543,	2.280900,	-1.087960,	-0.097970,	55.543750,	1.000000
969.302024,	6.216303,	2.280900,	-1.087960,	-0.085970,	56.102083,	1.000000
913.094619,	6.226301,	2.280900,	-1.087960,	-0.073970,	42.027083,	1.500000
837.146315,	6.097320,	2.280900,	-1.087960,	-0.061970,	43.791667,	1.500000
729.696227,	5.900941,	2.280900,	-1.087960,	-0.049970,	47.027083,	1.500000
557.421969,	5.434924,	2.280900,	-1.087960,	-0.037970,	43.168750,	2.000000
332.796840,	4.431525,	2.280900,	-1.087960,	-0.025970,	54.106250,	2.000000
94.562729,	2.391025,	2.280900,	-1.087960,	-0.013970,	74.229167,	2.000000
799.385375,	5.098350,	2.280900,	-0.737960,	-0.133970,	41.785417,	1.500000
769.260527,	5.082915,	2.280900,	-0.737960,	-0.121970,	42.954167,	1.500000
749.488631,	5.071846,	2.280900,	-0.737960,	-0.109970,	43.079167,	1.500000
697.948809,	4.978124,	2.280900,	-0.737960,	-0.097970,	44.010417,	1.500000
672.223627,	4.947638,	2.280900,	-0.737960,	-0.085970,	45.225000,	1.500000
641.584354,	4.854863,	2.280900,	-0.737960,	-0.073970,	46.166667,	1.500000
590.335841,	4.761350,	2.280900,	-0.737960,	-0.061970,	48.135417,	1.500000
520.259594,	4.598322,	2.280900,	-0.737960,	-0.049970,	49.141667,	1.500000
449.371492,	4.416223,	2.280900,	-0.737960,	-0.037970,	41.158333,	2.000000
313.760152,	3.881205,	2.280900,	-0.737960,	-0.025970,	49.256250,	2.000000
124.728706,	2.578711,	2.280900,	-0.737960,	-0.013970,	69.483333,	2.000000
377.171646,	3.437738,	2.280900,	-0.387960,	-0.133970,	51.641667,	1.500000
360.167305,	3.386397,	2.280900,	-0.387960,	-0.121970,	40.241667,	2.000000
340.879945,	3.349254,	2.280900,	-0.387960,	-0.109970,	40.945833,	2.000000
316.955886,	3.258723,	2.280900,	-0.387960,	-0.097970,	41.247917,	2.000000
296.349684,	3.175149,	2.280900,	-0.387960,	-0.085970,	41.893750,	2.000000
272.763569,	3.077169,	2.280900,	-0.387960,	-0.073970,	42.537500,	2.000000
256.831352,	3.041716,	2.280900,	-0.387960,	-0.061970,	44.235417,	2.000000
228.415039,	2.897997,	2.280900,	-0.387960,	-0.049970,	45.533333,	2.000000
196.245009,	2.788176,	2.280900,	-0.387960,	-0.037970,	47.962500,	2.000000
159.220126,	2.599941,	2.280900,	-0.387960,	-0.025970,	50.943750,	2.000000
98.781062,	2.146138,	2.280900,	-0.387960,	-0.013970,	60.443750,	2.000000
-5.809403,	0.876810,	2.280900,	-0.037960,	-0.133970,	70.502083,	2.000000
-5.848030,	0.859295,	2.280900,	-0.037960,	-0.121970,	70.437500,	2.000000
-5.589105,	0.844345,	2.280900,	-0.037960,	-0.109970,	70.789583,	2.000000
-5.427158,	0.840056,	2.280900,	-0.037960,	-0.097970,	71.135417,	2.000000
-6.115799,	0.796827,	2.280900,	-0.037960,	-0.085970,	71.647917,	2.000000
-5.879260,	0.781457,	2.280900,	-0.037960,	-0.073970,	71.641667,	2.000000
-6.169106,	0.752248,	2.280900,	-0.037960,	-0.061970,	72.562500,	2.000000
-5.816730,	0.704132,	2.280900,	-0.037960,	-0.049970,	73.687500,	2.000000
-5.620042,	0.668532,	2.280900,	-0.037960,	-0.037970,	74.756250,	2.000000
-5.561388,	0.614848,	2.280900,	-0.037960,	-0.025970,	75.906250,	2.000000
-4.272036,	0.561968,	2.280900,	-0.037960,	-0.013970,	77.943750,	2.000000
